4.630000000000000000e+03 7.616700022481381893e-04
4.640000000000000000e+03 1.394279999658465385e-03
4.650000000000000000e+03 1.588269951753318310e-03
4.660000000000000000e+03 2.011419972404837608e-03
4.670000000000000000e+03 3.656199900433421135e-03
4.680000000000000000e+03 4.295220132917165756e-03
4.690000000000000000e+03 5.047999788075685501e-03
4.700000000000000000e+03 5.064279772341251373e-03
4.710000000000000000e+03 7.268039975315332413e-03
4.720000000000000000e+03 5.385110154747962952e-03
4.730000000000000000e+03 6.599119864404201508e-03
4.740000000000000000e+03 7.442649919539690018e-03
4.750000000000000000e+03 7.826309651136398315e-03
4.760000000000000000e+03 8.292039856314659119e-03
4.770000000000000000e+03 9.014010429382324219e-03
4.780000000000000000e+03 8.513979613780975342e-03
4.790000000000000000e+03 8.495680056512355804e-03
4.800000000000000000e+03 8.552850224077701569e-03
4.810000000000000000e+03 8.412590250372886658e-03
4.820000000000000000e+03 8.603779599070549011e-03
4.830000000000000000e+03 9.255769662559032440e-03
4.840000000000000000e+03 8.012269623577594757e-03
4.850000000000000000e+03 7.464650087058544159e-03
4.860000000000000000e+03 7.811009883880615234e-03
4.870000000000000000e+03 6.683070212602615356e-03
4.880000000000000000e+03 6.384829990565776825e-03
4.890000000000000000e+03 4.004959948360919952e-03
4.900000000000000000e+03 4.505539778620004654e-03
4.910000000000000000e+03 3.841379890218377113e-03
4.920000000000000000e+03 4.508330021053552628e-03
4.930000000000000000e+03 4.449259955435991287e-03
4.940000000000000000e+03 3.395929932594299316e-03
4.950000000000000000e+03 3.302729921415448189e-03
4.960000000000000000e+03 3.130980068817734718e-03
4.970000000000000000e+03 1.985969953238964081e-03
4.980000000000000000e+03 3.293080022558569908e-03
4.990000000000000000e+03 3.618529997766017914e-03
5.000000000000000000e+03 4.389650188386440277e-03
5.010000000000000000e+03 4.038800019770860672e-03
5.020000000000000000e+03 6.313759833574295044e-03
5.030000000000000000e+03 6.211730185896158218e-03
5.040000000000000000e+03 6.538370158523321152e-03
5.050000000000000000e+03 7.130879908800125122e-03
5.060000000000000000e+03 7.479010149836540222e-03
5.070000000000000000e+03 7.919560186564922333e-03
5.080000000000000000e+03 7.582149934023618698e-03
5.090000000000000000e+03 6.515069864690303802e-03
5.100000000000000000e+03 6.994519848376512527e-03
5.110000000000000000e+03 7.574200164526700974e-03
5.120000000000000000e+03 6.487320177257061005e-03
5.130000000000000000e+03 6.776200141757726669e-03
5.140000000000000000e+03 6.412080023437738419e-03
5.150000000000000000e+03 8.783429861068725586e-03
5.160000000000000000e+03 8.663759566843509674e-03
5.170000000000000000e+03 8.410139940679073334e-03
5.180000000000000000e+03 7.811789866536855698e-03
5.190000000000000000e+03 8.633470162749290466e-03
5.200000000000000000e+03 8.315590210258960724e-03
5.210000000000000000e+03 9.215859696269035339e-03
5.220000000000000000e+03 8.998990058898925781e-03
5.230000000000000000e+03 8.136480115354061127e-03
5.240000000000000000e+03 6.904679816216230392e-03
5.250000000000000000e+03 6.156649906188249588e-03
5.260000000000000000e+03 4.850460216403007507e-03
5.270000000000000000e+03 5.708170123398303986e-03
5.280000000000000000e+03 4.489819984883069992e-03
5.290000000000000000e+03 4.867029841989278793e-03
5.300000000000000000e+03 5.201110150665044785e-03
5.310000000000000000e+03 5.538119934499263763e-03
5.320000000000000000e+03 6.801810115575790405e-03
5.330000000000000000e+03 6.651040166616439819e-03
5.340000000000000000e+03 6.949230097234249115e-03
5.350000000000000000e+03 7.505749817937612534e-03
5.360000000000000000e+03 6.895449943840503693e-03
5.370000000000000000e+03 8.006540127098560333e-03
5.380000000000000000e+03 9.055020287632942200e-03
5.390000000000000000e+03 9.688599966466426849e-03
5.400000000000000000e+03 8.763300254940986633e-03
5.410000000000000000e+03 8.208059705793857574e-03
5.420000000000000000e+03 8.265540003776550293e-03
5.430000000000000000e+03 8.575400337576866150e-03
5.440000000000000000e+03 8.731639944016933441e-03
5.450000000000000000e+03 9.119070135056972504e-03
5.460000000000000000e+03 9.070489555597305298e-03
5.470000000000000000e+03 8.923039771616458893e-03
5.480000000000000000e+03 7.653399836272001266e-03
5.490000000000000000e+03 9.391079656779766083e-03
5.500000000000000000e+03 8.800500072538852692e-03
5.510000000000000000e+03 9.685830213129520416e-03
5.520000000000000000e+03 9.345659986138343811e-03
5.530000000000000000e+03 9.140879847109317780e-03
5.540000000000000000e+03 9.700169786810874939e-03
5.550000000000000000e+03 9.439130313694477081e-03
5.560000000000000000e+03 9.117100387811660767e-03
5.570000000000000000e+03 1.692930003628134727e-03
5.580000000000000000e+03 8.719029836356639862e-03
5.590000000000000000e+03 9.256959892809391022e-03
5.600000000000000000e+03 9.406460449099540710e-03
5.610000000000000000e+03 9.003040380775928497e-03
5.620000000000000000e+03 1.094490010291337967e-02
5.630000000000000000e+03 9.268449619412422180e-03
5.640000000000000000e+03 1.103070005774497986e-02
5.650000000000000000e+03 1.006569992750883102e-02
5.660000000000000000e+03 1.014230027794837952e-02
5.670000000000000000e+03 1.014900021255016327e-02
5.680000000000000000e+03 9.673180058598518372e-03
5.690000000000000000e+03 1.037149969488382339e-02
5.700000000000000000e+03 1.048499997705221176e-02
5.710000000000000000e+03 1.033009961247444153e-02
5.720000000000000000e+03 1.069660019129514694e-02
5.730000000000000000e+03 1.041300036013126373e-02
5.740000000000000000e+03 1.113609969615936279e-02
5.750000000000000000e+03 1.107000000774860382e-02
5.760000000000000000e+03 1.063750032335519791e-02
5.770000000000000000e+03 9.716929867863655090e-03
5.780000000000000000e+03 9.700969792902469635e-03
5.790000000000000000e+03 9.782509878277778625e-03
5.800000000000000000e+03 8.667089976370334625e-03
5.810000000000000000e+03 8.270289748907089233e-03
5.820000000000000000e+03 6.760150194168090820e-03
5.830000000000000000e+03 7.235719822347164154e-03
5.840000000000000000e+03 5.879019852727651596e-03
5.850000000000000000e+03 6.272819824516773224e-03
5.860000000000000000e+03 5.474539939314126968e-03
5.870000000000000000e+03 6.104290019720792770e-03
5.880000000000000000e+03 5.405989941209554672e-03
5.890000000000000000e+03 5.590090062469244003e-03
5.900000000000000000e+03 4.121250007301568985e-03
5.910000000000000000e+03 3.534199902787804604e-03
5.920000000000000000e+03 3.656399901956319809e-03
5.930000000000000000e+03 2.772330073639750481e-03
5.940000000000000000e+03 2.337449928745627403e-03
5.950000000000000000e+03 2.003219909965991974e-03
5.960000000000000000e+03 2.121990080922842026e-03
5.970000000000000000e+03 1.270979992114007473e-03
5.980000000000000000e+03 1.219789963215589523e-03
5.990000000000000000e+03 1.372189959511160851e-03
6.000000000000000000e+03 1.909469952806830406e-03
6.010000000000000000e+03 2.507189987227320671e-03
6.020000000000000000e+03 2.555970102548599243e-03
6.030000000000000000e+03 3.754460019990801811e-03
6.040000000000000000e+03 4.715660121291875839e-03
6.050000000000000000e+03 5.121009889990091324e-03
6.060000000000000000e+03 4.965129774063825607e-03
6.070000000000000000e+03 6.052719894796609879e-03
6.080000000000000000e+03 6.619479972869157791e-03
6.090000000000000000e+03 7.261599879711866379e-03
6.100000000000000000e+03 7.403580006211996078e-03
6.110000000000000000e+03 9.343040175735950470e-03
6.120000000000000000e+03 9.595270268619060516e-03
6.130000000000000000e+03 1.027289964258670807e-02
6.140000000000000000e+03 9.860410355031490326e-03
6.150000000000000000e+03 9.900430217385292053e-03
6.160000000000000000e+03 9.648170322179794312e-03
6.170000000000000000e+03 9.008030407130718231e-03
6.180000000000000000e+03 8.894380182027816772e-03
6.190000000000000000e+03 8.495899848639965057e-03
6.200000000000000000e+03 7.623389828950166702e-03
6.210000000000000000e+03 7.605220191180706024e-03
6.220000000000000000e+03 7.725089788436889648e-03
6.230000000000000000e+03 6.690630223602056503e-03
6.240000000000000000e+03 7.053580135107040405e-03
6.250000000000000000e+03 7.189699914306402206e-03
6.260000000000000000e+03 5.727259907871484756e-03
6.270000000000000000e+03 5.956210196018218994e-03
6.280000000000000000e+03 6.757009774446487427e-03
6.290000000000000000e+03 4.047839902341365814e-03
6.300000000000000000e+03 9.850589558482170105e-03
6.310000000000000000e+03 6.152450107038021088e-03
6.320000000000000000e+03 6.114790216088294983e-03
6.330000000000000000e+03 6.535910069942474365e-03
6.340000000000000000e+03 6.251719780266284943e-03
6.350000000000000000e+03 6.662399973720312119e-03
6.360000000000000000e+03 5.600360222160816193e-03
6.370000000000000000e+03 6.981689948588609695e-03
6.380000000000000000e+03 7.348599843680858612e-03
6.390000000000000000e+03 7.548939902335405350e-03
6.400000000000000000e+03 8.369729854166507721e-03
6.410000000000000000e+03 8.996710181236267090e-03
6.420000000000000000e+03 8.445920422673225403e-03
6.430000000000000000e+03 9.046110324561595917e-03
6.440000000000000000e+03 9.942580014467239380e-03
6.450000000000000000e+03 1.028409972786903381e-02
6.460000000000000000e+03 1.221730001270771027e-02
6.470000000000000000e+03 1.147430017590522766e-02
6.480000000000000000e+03 1.235250011086463928e-02
6.490000000000000000e+03 1.315710041671991348e-02
6.500000000000000000e+03 1.352099981158971786e-02
6.510000000000000000e+03 1.417089998722076416e-02
6.520000000000000000e+03 1.546460017561912537e-02
6.530000000000000000e+03 1.333119999617338181e-02
6.540000000000000000e+03 1.342920027673244476e-02
6.550000000000000000e+03 1.267000008374452591e-02
6.560000000000000000e+03 1.004800014197826385e-02
6.570000000000000000e+03 9.548669680953025818e-03
6.580000000000000000e+03 7.882479578256607056e-03
6.590000000000000000e+03 6.657559890300035477e-03
6.600000000000000000e+03 5.830700043588876724e-03
6.610000000000000000e+03 4.957499913871288300e-03
6.620000000000000000e+03 5.526760127395391464e-03
6.630000000000000000e+03 4.873579833656549454e-03
6.640000000000000000e+03 5.099209956824779510e-03
6.650000000000000000e+03 4.302590154111385345e-03
6.660000000000000000e+03 5.111029837280511856e-03
6.670000000000000000e+03 7.249219808727502823e-03
6.680000000000000000e+03 8.522000163793563843e-03
6.690000000000000000e+03 1.274009980261325836e-02
6.700000000000000000e+03 1.598669961094856262e-02
6.710000000000000000e+03 2.051430009305477142e-02
6.720000000000000000e+03 2.703779935836791992e-02
6.730000000000000000e+03 3.250569850206375122e-02
6.740000000000000000e+03 3.843469917774200439e-02
6.750000000000000000e+03 4.484390094876289368e-02
6.760000000000000000e+03 5.054770037531852722e-02
6.770000000000000000e+03 5.414630100131034851e-02
6.780000000000000000e+03 5.835380032658576965e-02
6.790000000000000000e+03 6.399550288915634155e-02
6.800000000000000000e+03 6.906189769506454468e-02
6.810000000000000000e+03 7.066400349140167236e-02
6.820000000000000000e+03 7.332610338926315308e-02
6.830000000000000000e+03 7.318689674139022827e-02
6.840000000000000000e+03 6.968960165977478027e-02
6.850000000000000000e+03 6.417450308799743652e-02
6.860000000000000000e+03 5.232749879360198975e-02
6.870000000000000000e+03 4.024159908294677734e-02
6.880000000000000000e+03 4.205619916319847107e-02
6.890000000000000000e+03 3.588470071554183960e-02
6.900000000000000000e+03 3.183539956808090210e-02
6.910000000000000000e+03 2.700689993798732758e-02
6.920000000000000000e+03 2.468569949269294739e-02
6.930000000000000000e+03 2.281510084867477417e-02
6.940000000000000000e+03 2.031829953193664551e-02
6.950000000000000000e+03 1.718569919466972351e-02
6.960000000000000000e+03 1.684330031275749207e-02
6.970000000000000000e+03 1.456349994987249374e-02
6.980000000000000000e+03 1.291299983859062195e-02
6.990000000000000000e+03 1.062699966132640839e-02
7.000000000000000000e+03 1.118839997798204422e-02
7.010000000000000000e+03 1.010700035840272903e-02
7.020000000000000000e+03 1.094229985028505325e-02
7.030000000000000000e+03 9.141700342297554016e-03
7.040000000000000000e+03 8.632229641079902649e-03
7.050000000000000000e+03 8.872290141880512238e-03
7.060000000000000000e+03 6.893199868500232697e-03
7.070000000000000000e+03 7.805009838193655014e-03
7.080000000000000000e+03 7.097660098224878311e-03
7.090000000000000000e+03 6.189019884914159775e-03
7.100000000000000000e+03 6.729890126734972000e-03
7.110000000000000000e+03 5.635680165141820908e-03
7.120000000000000000e+03 6.302710156887769699e-03
7.130000000000000000e+03 5.278869997709989548e-03
7.140000000000000000e+03 4.026629962027072906e-03
7.150000000000000000e+03 4.770849831402301788e-03
7.160000000000000000e+03 3.856190014630556107e-03
7.170000000000000000e+03 4.722400102764368057e-03
7.180000000000000000e+03 4.823219962418079376e-03
7.190000000000000000e+03 4.982070066034793854e-03
7.200000000000000000e+03 4.595370031893253326e-03
7.210000000000000000e+03 6.107740104198455811e-03
7.220000000000000000e+03 4.103589802980422974e-03
7.230000000000000000e+03 3.934990148991346359e-03
7.240000000000000000e+03 4.782100208103656769e-03
7.250000000000000000e+03 5.636259913444519043e-03
7.260000000000000000e+03 5.789469927549362183e-03
7.270000000000000000e+03 6.054889876395463943e-03
7.280000000000000000e+03 6.665369961410760880e-03
7.290000000000000000e+03 7.040199823677539825e-03
7.300000000000000000e+03 6.400689948350191116e-03
7.310000000000000000e+03 6.172209978103637695e-03
7.320000000000000000e+03 7.485830225050449371e-03
7.330000000000000000e+03 7.196960039436817169e-03
7.340000000000000000e+03 7.958419620990753174e-03
7.350000000000000000e+03 8.093089796602725983e-03
7.360000000000000000e+03 8.149259723722934723e-03
7.370000000000000000e+03 7.466829847544431686e-03
7.380000000000000000e+03 7.021300029009580612e-03
7.390000000000000000e+03 6.439100019633769989e-03
7.400000000000000000e+03 7.324500009417533875e-03
7.410000000000000000e+03 7.608769927173852921e-03
7.420000000000000000e+03 7.064110133796930313e-03
7.430000000000000000e+03 8.378320373594760895e-03
7.440000000000000000e+03 9.075540117919445038e-03
7.450000000000000000e+03 1.007840037345886230e-02
7.460000000000000000e+03 1.016789954155683517e-02
7.470000000000000000e+03 1.132520008832216263e-02
7.480000000000000000e+03 1.136210002005100250e-02
7.490000000000000000e+03 1.308909989893436432e-02
7.500000000000000000e+03 1.429679989814758301e-02
7.510000000000000000e+03 1.401409972459077835e-02
7.520000000000000000e+03 1.578320004045963287e-02
7.530000000000000000e+03 1.617600023746490479e-02
7.540000000000000000e+03 1.616149954497814178e-02
7.550000000000000000e+03 1.852739974856376648e-02
7.560000000000000000e+03 1.872579939663410187e-02
7.570000000000000000e+03 1.901799999177455902e-02
7.580000000000000000e+03 2.110919915139675140e-02
7.590000000000000000e+03 1.409849990159273148e-02
7.600000000000000000e+03 7.209559902548789978e-03
7.610000000000000000e+03 1.397760026156902313e-02
7.620000000000000000e+03 1.348400022834539413e-02
7.630000000000000000e+03 1.236829999834299088e-02
7.640000000000000000e+03 1.335689984261989594e-02
7.650000000000000000e+03 1.507570035755634308e-02
7.660000000000000000e+03 1.521189976483583450e-02
7.670000000000000000e+03 1.564680039882659912e-02
7.680000000000000000e+03 1.516280043870210648e-02
7.690000000000000000e+03 1.256429962813854218e-02
7.700000000000000000e+03 1.268150005489587784e-02
7.710000000000000000e+03 1.059969980269670486e-02
7.720000000000000000e+03 1.099119987338781357e-02
7.730000000000000000e+03 9.833700023591518402e-03
7.740000000000000000e+03 9.323329664766788483e-03
7.750000000000000000e+03 7.606490049511194229e-03
7.760000000000000000e+03 7.742189802229404449e-03
7.770000000000000000e+03 6.959879770874977112e-03
7.780000000000000000e+03 6.235830020159482956e-03
7.790000000000000000e+03 5.411509890109300613e-03
7.800000000000000000e+03 4.574140068143606186e-03
7.810000000000000000e+03 4.525179974734783173e-03
7.820000000000000000e+03 3.857840085402131081e-03
7.830000000000000000e+03 3.417959902435541153e-03
7.840000000000000000e+03 3.508969908580183983e-03
7.850000000000000000e+03 2.232260070741176605e-03
7.860000000000000000e+03 3.024650039151310921e-03
7.870000000000000000e+03 3.701749956235289574e-03
7.880000000000000000e+03 3.442259971052408218e-03
7.890000000000000000e+03 3.991909790784120560e-03
7.900000000000000000e+03 3.327910089865326881e-03
7.910000000000000000e+03 2.410910092294216156e-03
7.920000000000000000e+03 4.316030070185661316e-03
7.930000000000000000e+03 4.183509852737188339e-03
7.940000000000000000e+03 5.101710092276334763e-03
7.950000000000000000e+03 4.223769996315240860e-03
7.960000000000000000e+03 3.463630098849534988e-03
7.970000000000000000e+03 5.333090201020240784e-03
7.980000000000000000e+03 4.946019966155290604e-03
7.990000000000000000e+03 4.593980032950639725e-03
8.000000000000000000e+03 5.700020119547843933e-03
8.010000000000000000e+03 6.025469861924648285e-03
8.020000000000000000e+03 6.392720155417919159e-03
8.030000000000000000e+03 6.203620228916406631e-03
8.040000000000000000e+03 6.419220007956027985e-03
8.050000000000000000e+03 7.156670093536376953e-03
8.060000000000000000e+03 6.671989802271127701e-03
8.070000000000000000e+03 6.895400118082761765e-03
8.080000000000000000e+03 6.505249999463558197e-03
8.090000000000000000e+03 7.480069994926452637e-03
8.100000000000000000e+03 6.783199962228536606e-03
8.110000000000000000e+03 6.997549906373023987e-03
8.120000000000000000e+03 5.501709878444671631e-03
8.130000000000000000e+03 5.744960159063339233e-03
8.140000000000000000e+03 5.722609814256429672e-03
8.150000000000000000e+03 5.704000126570463181e-03
8.160000000000000000e+03 6.335009820759296417e-03
8.170000000000000000e+03 5.215900018811225891e-03
8.180000000000000000e+03 5.520559847354888916e-03
8.190000000000000000e+03 4.343539942055940628e-03
8.200000000000000000e+03 4.741999786347150803e-03
8.210000000000000000e+03 4.270240198820829391e-03
8.220000000000000000e+03 2.828449942171573639e-03
8.230000000000000000e+03 4.459029994904994965e-03
8.240000000000000000e+03 3.879539901390671730e-03
8.250000000000000000e+03 4.496360197663307190e-03
8.260000000000000000e+03 3.745580092072486877e-03
8.270000000000000000e+03 4.243739880621433258e-03
8.280000000000000000e+03 4.678269848227500916e-03
8.290000000000000000e+03 4.233839921653270721e-03
8.300000000000000000e+03 3.219929989427328110e-03
8.310000000000000000e+03 2.652140101417899132e-03
8.320000000000000000e+03 3.057830035686492920e-03
8.330000000000000000e+03 4.326220136135816574e-03
8.340000000000000000e+03 6.538169924169778824e-03
8.350000000000000000e+03 8.085490204393863678e-03
8.360000000000000000e+03 4.396200180053710938e-03
8.370000000000000000e+03 6.104850210249423981e-03
8.380000000000000000e+03 8.047020062804222107e-03
8.390000000000000000e+03 1.164549961686134338e-02
8.400000000000000000e+03 7.900980301201343536e-03
8.410000000000000000e+03 3.301240038126707077e-03
8.420000000000000000e+03 1.604110002517700195e-03
8.430000000000000000e+03 9.695869870483875275e-03
8.440000000000000000e+03 3.455739933997392654e-03
8.450000000000000000e+03 4.243779927492141724e-03
8.460000000000000000e+03 5.239939782768487930e-03
8.470000000000000000e+03 4.437889903783798218e-03
8.480000000000000000e+03 4.064749926328659058e-03
8.490000000000000000e+03 4.869559779763221741e-03
8.500000000000000000e+03 3.447359893471002579e-03
8.510000000000000000e+03 4.404730163514614105e-03
8.520000000000000000e+03 4.473050124943256378e-03
8.530000000000000000e+03 4.382200073450803757e-03
8.540000000000000000e+03 4.200439900159835815e-03
8.550000000000000000e+03 3.930429928004741669e-03
8.560000000000000000e+03 3.947920165956020355e-03
8.570000000000000000e+03 5.781469866633415222e-03
8.580000000000000000e+03 3.069810103625059128e-03
8.590000000000000000e+03 2.423069905489683151e-03
8.600000000000000000e+03 3.780399914830923080e-03
8.610000000000000000e+03 3.271599998697638512e-03
8.620000000000000000e+03 1.912949956022202969e-03
8.630000000000000000e+03 1.885400037281215191e-03
8.640000000000000000e+03 3.081629984080791473e-03
8.650000000000000000e+03 -1.040560018736869097e-04
8.660000000000000000e+03 1.957119908183813095e-03
8.670000000000000000e+03 1.377649954520165920e-03
8.680000000000000000e+03 3.987050149589776993e-03
8.690000000000000000e+03 3.599480027332901955e-03
8.700000000000000000e+03 3.509379923343658447e-03
8.710000000000000000e+03 4.819289781153202057e-03
8.720000000000000000e+03 5.938559770584106445e-03
8.730000000000000000e+03 5.230030044913291931e-03
8.740000000000000000e+03 6.196899805217981339e-03
8.750000000000000000e+03 5.609619896858930588e-03
8.760000000000000000e+03 6.540339905768632889e-03
8.770000000000000000e+03 6.620539817959070206e-03
8.780000000000000000e+03 8.143750019371509552e-03
8.790000000000000000e+03 1.081159990280866623e-02
8.800000000000000000e+03 1.125890016555786133e-02
8.810000000000000000e+03 1.146870013326406479e-02
8.820000000000000000e+03 9.261679835617542267e-03
8.830000000000000000e+03 1.234879996627569199e-02
8.840000000000000000e+03 1.087170001119375229e-02
8.850000000000000000e+03 1.380360033363103867e-02
8.860000000000000000e+03 1.325289998203516006e-02
8.870000000000000000e+03 1.616369932889938354e-02
8.880000000000000000e+03 1.686139963567256927e-02
8.890000000000000000e+03 1.813139952719211578e-02
8.900000000000000000e+03 1.891040056943893433e-02
8.910000000000000000e+03 1.818149909377098083e-02
8.920000000000000000e+03 2.344149909913539886e-02
8.930000000000000000e+03 2.262520045042037964e-02
8.940000000000000000e+03 2.335700020194053650e-02
8.950000000000000000e+03 2.354080043733119965e-02
8.960000000000000000e+03 2.319739945232868195e-02
8.970000000000000000e+03 2.681270055472850800e-02
8.980000000000000000e+03 2.721630036830902100e-02
8.990000000000000000e+03 2.600380033254623413e-02
9.000000000000000000e+03 3.242519870400428772e-02
9.010000000000000000e+03 2.943330071866512299e-02
9.020000000000000000e+03 2.901370078325271606e-02
9.030000000000000000e+03 3.009939938783645630e-02
9.040000000000000000e+03 2.759959921240806580e-02
9.050000000000000000e+03 2.842120081186294556e-02
9.060000000000000000e+03 2.482300065457820892e-02
9.070000000000000000e+03 2.338729985058307648e-02
9.080000000000000000e+03 2.152689918875694275e-02
9.090000000000000000e+03 2.057450078427791595e-02
9.100000000000000000e+03 2.019580081105232239e-02
9.110000000000000000e+03 2.075180038809776306e-02
9.120000000000000000e+03 1.884200051426887512e-02
9.130000000000000000e+03 1.623290032148361206e-02
9.140000000000000000e+03 1.712759956717491150e-02
9.150000000000000000e+03 1.256179995834827423e-02
9.160000000000000000e+03 1.580859906971454620e-02
9.170000000000000000e+03 1.282770000398159027e-02
9.180000000000000000e+03 1.302910037338733673e-02
9.190000000000000000e+03 1.208900008350610733e-02
9.200000000000000000e+03 1.240679994225502014e-02
9.210000000000000000e+03 1.033459976315498352e-02
9.220000000000000000e+03 9.633580222725868225e-03
9.230000000000000000e+03 1.034830044955015182e-02
9.240000000000000000e+03 9.502969682216644287e-03
9.250000000000000000e+03 9.749770164489746094e-03
9.260000000000000000e+03 7.628929801285266876e-03
9.270000000000000000e+03 8.232289925217628479e-03
9.280000000000000000e+03 7.081329822540283203e-03
9.290000000000000000e+03 5.867459811270236969e-03
9.300000000000000000e+03 5.272500216960906982e-03
9.310000000000000000e+03 -3.392529906705021858e-04
9.320000000000000000e+03 3.834839910268783569e-03
9.330000000000000000e+03 2.589910058304667473e-03
9.340000000000000000e+03 3.269739914685487747e-03
9.350000000000000000e+03 4.844780080020427704e-03
9.360000000000000000e+03 4.791589919477701187e-03
9.370000000000000000e+03 -9.879239834845066071e-03
9.380000000000000000e+03 3.658730071038007736e-03
9.390000000000000000e+03 5.414769984781742096e-03
9.400000000000000000e+03 6.012650206685066223e-03
9.410000000000000000e+03 3.859669901430606842e-03
9.420000000000000000e+03 2.619960112497210503e-03
9.430000000000000000e+03 2.049090107902884483e-03
9.440000000000000000e+03 -7.593270274810492992e-04
9.450000000000000000e+03 2.647449960932135582e-03
9.460000000000000000e+03 4.368720110505819321e-03
9.470000000000000000e+03 2.602660097181797028e-03
9.480000000000000000e+03 4.268500022590160370e-03
9.490000000000000000e+03 2.540729939937591553e-03
9.500000000000000000e+03 4.893780220299959183e-03
9.510000000000000000e+03 3.931209910660982132e-03
9.520000000000000000e+03 3.005489939823746681e-03
9.530000000000000000e+03 4.361160099506378174e-03
9.540000000000000000e+03 2.868429990485310555e-03
9.550000000000000000e+03 4.285119939595460892e-03
9.560000000000000000e+03 4.006070084869861603e-03
9.570000000000000000e+03 4.253940191119909286e-03
9.580000000000000000e+03 4.708370193839073181e-03
9.590000000000000000e+03 4.655079916119575500e-03
9.600000000000000000e+03 6.589789874851703644e-03
9.610000000000000000e+03 7.173989899456501007e-03
9.620000000000000000e+03 5.020489916205406189e-03
9.630000000000000000e+03 6.607959978282451630e-03
9.640000000000000000e+03 5.136250052601099014e-03
9.650000000000000000e+03 5.082060117274522781e-03
9.660000000000000000e+03 6.044240202754735947e-03
9.670000000000000000e+03 3.949239850044250488e-03
9.680000000000000000e+03 3.337190020829439163e-03
9.690000000000000000e+03 7.534789852797985077e-03
9.700000000000000000e+03 5.612260196357965469e-03
9.710000000000000000e+03 2.704160055145621300e-03
9.720000000000000000e+03 6.128349807113409042e-03
9.730000000000000000e+03 5.113449878990650177e-03
9.740000000000000000e+03 4.822969902306795120e-03
9.750000000000000000e+03 3.635559929534792900e-03
9.760000000000000000e+03 5.466040223836898804e-03
9.770000000000000000e+03 4.813049919903278351e-03
9.780000000000000000e+03 -2.086150052491575480e-04
9.790000000000000000e+03 2.688319887965917587e-03
9.800000000000000000e+03 6.333780009299516678e-03
9.810000000000000000e+03 5.475029814988374710e-03
9.820000000000000000e+03 6.919119972735643387e-03
9.830000000000000000e+03 5.063659977167844772e-03
