6.001515625000010004e+03 4.624795259797049554e-17
6.005720698833475581e+03 4.788477759409042671e-17
6.009925772666941157e+03 4.856141133515880334e-17
6.014130846500406733e+03 5.287571409499447830e-17
6.018335920333872309e+03 5.252169402771158331e-17
6.022540994167337885e+03 5.360252792074277181e-17
6.026746068000803461e+03 5.232753157688823623e-17
6.030951141834269038e+03 5.400099736542181630e-17
6.035156215667734614e+03 5.011009858264998430e-17
6.039361289501200190e+03 5.024390000981411185e-17
6.043566363334665766e+03 5.077361323920326992e-17
6.047771437168131342e+03 5.312707773953709235e-17
6.051976511001596919e+03 5.373896309097726820e-17
6.056181584835062495e+03 5.311266163582151819e-17
6.060386658668528071e+03 5.873172269795138667e-17
6.064591732501993647e+03 5.470806473558724394e-17
6.068796806335459223e+03 5.870862119780400571e-17
6.073001880168924799e+03 5.294853907612364686e-17
6.077206954002390376e+03 5.540607944112889123e-17
6.081412027835855952e+03 5.752451545965679681e-17
6.085617101669321528e+03 5.325327241378818226e-17
6.089822175502787104e+03 5.053261913081962063e-17
6.094027249336252680e+03 5.785283998839134455e-17
6.098232323169718256e+03 5.055936684310713533e-17
6.102437397003183833e+03 5.472150476618000553e-17
6.106642470836649409e+03 5.378304850890389436e-17
6.110847544670114985e+03 5.501103452418581628e-17
6.115052618503580561e+03 5.492357506365935955e-17
6.119257692337046137e+03 5.618687838237484554e-17
6.123462766170511713e+03 5.404634009787952307e-17
6.127667840003977290e+03 5.199350611937197302e-17
6.131872913837443775e+03 5.228663245868116433e-17
6.136077987670909351e+03 5.659806655615250539e-17
6.140283061504374928e+03 5.156475855555103750e-17
6.144488135337840504e+03 5.043381406101138658e-17
6.148693209171306080e+03 5.253077977955986576e-17
6.152898283004771656e+03 5.315734593251163274e-17
6.157103356838237232e+03 4.856247012634287122e-17
6.161308430671702808e+03 4.626336462714358356e-17
6.165513504505168385e+03 5.057419322840653580e-17
6.169718578338633961e+03 4.813089029610455414e-17
6.173923652172099537e+03 5.034936884663707309e-17
6.178128726005565113e+03 4.711664113366143415e-17
6.182333799839030689e+03 5.131012589322761388e-17
6.186538873672496265e+03 4.793058354769116317e-17
6.190743947505961842e+03 5.371901480332493938e-17
6.194949021339427418e+03 4.825191674588841272e-17
6.199154095172892994e+03 4.872538500234641513e-17
6.203359169006358570e+03 5.475641840547464372e-17
6.207564242839824146e+03 5.029381208797556154e-17
6.211769316673289723e+03 2.399377987414190786e-17
6.215974390506755299e+03 1.757700237287815055e-17
6.220179464340220875e+03 5.508263527800840635e-17
6.224384538173686451e+03 4.839763619131820429e-17
6.228589612007152027e+03 4.954074354958483493e-17
6.232794685840617603e+03 4.783696324596241149e-17
6.236999759674083180e+03 4.719204691830176815e-17
6.241204833507548756e+03 4.687929985486281902e-17
6.245409907341014332e+03 4.999119633267916189e-17
6.249614981174479908e+03 4.864184637792345976e-17
6.253820055007945484e+03 4.886645900145610889e-17
6.258025128841411060e+03 4.866472288494422629e-17
6.262230202674876637e+03 5.192106164132457885e-17
6.266435276508342213e+03 5.490167462976140559e-17
6.270640350341807789e+03 4.345819002918435356e-17
6.274845424175273365e+03 5.144104542313760668e-17
6.279050498008738941e+03 4.614569983936914047e-17
6.283255571842204517e+03 4.169470052022540237e-17
6.287460645675670094e+03 4.991551923279791050e-17
6.291665719509135670e+03 4.955228768221362498e-17
6.295870793342601246e+03 4.499758307531288870e-17
6.300075867176066822e+03 5.154105817664016815e-17
6.304280941009532398e+03 4.548937172797771556e-17
6.308486014842997974e+03 4.370900442580023240e-17
6.312691088676463551e+03 5.271733878619262541e-17
6.316896162509929127e+03 4.993341280380865759e-17
6.321101236343394703e+03 4.852695429956229442e-17
6.325306310176860279e+03 4.758274417394526439e-17
6.329511384010325855e+03 4.773402558181386252e-17
6.333716457843791432e+03 5.076575171466156595e-17
6.337921531677257008e+03 5.197395156969121944e-17
6.342126605510722584e+03 5.490654837793056803e-17
6.346331679344188160e+03 5.340279358131326754e-17
6.350536753177653736e+03 5.262655405960370552e-17
6.354741827011119312e+03 5.593679190469801337e-17
6.358946900844584889e+03 5.007338499834243072e-17
6.363151974678050465e+03 5.476803863871978865e-17
6.367357048511516041e+03 5.431021402200638911e-17
6.371562122344981617e+03 5.771903525250476679e-17
6.375767196178447193e+03 5.759787645382289972e-17
6.379972270011912769e+03 5.547829561732722076e-17
6.384177343845378346e+03 6.018161811052413442e-17
6.388382417678843922e+03 6.029526610924402000e-17
6.392587491512309498e+03 5.630431155957777377e-17
6.396792565345775074e+03 6.196607830237252997e-17
6.400997639179240650e+03 6.433544783152452201e-17
6.405202713012706226e+03 5.927940890769009693e-17
6.409407786846171803e+03 5.643828834903176256e-17
6.413612860679637379e+03 5.714945853503545321e-17
6.417817934513103864e+03 6.137345302431503882e-17
6.422023008346569441e+03 5.614877513463820287e-17
6.426228082180035017e+03 6.024176406722409017e-17
6.430433156013500593e+03 6.500270465316899753e-17
6.434638229846966169e+03 6.440187374343498035e-17
6.438843303680431745e+03 6.527615071134432721e-17
6.443048377513897321e+03 6.514042029899172600e-17
6.447253451347362898e+03 6.349304709570051863e-17
6.451458525180828474e+03 6.457926758888065245e-17
6.455663599014294050e+03 6.562786129035697415e-17
6.459868672847759626e+03 6.686648815703877822e-17
6.464073746681225202e+03 6.999424334155898773e-17
6.468278820514690779e+03 6.565607807541238303e-17
6.472483894348156355e+03 6.062363696009287072e-17
6.476688968181621931e+03 6.074862725937208341e-17
6.480894042015087507e+03 5.985649642512139200e-17
6.485099115848553083e+03 5.563552610816130026e-17
6.489304189682018659e+03 5.280933119647587273e-17
6.493509263515484236e+03 5.239054619595252588e-17
6.497714337348949812e+03 4.550016147188785725e-17
6.501919411182415388e+03 4.566846625676279669e-17
6.506124485015880964e+03 4.648281895237635201e-17
6.510329558849346540e+03 4.578760342602758416e-17
6.514534632682812116e+03 4.474478013650443238e-17
6.518739706516277693e+03 4.449983541351522983e-17
6.522944780349743269e+03 4.287412110738311093e-17
6.527149854183208845e+03 4.517051014545077445e-17
6.531354928016674421e+03 4.664383131297102395e-17
6.535560001850139997e+03 3.896018038146800179e-17
6.539765075683605573e+03 3.992466966698238185e-17
6.543970149517071150e+03 4.210237483076093696e-17
6.548175223350536726e+03 4.215249535843675001e-17
6.552380297184002302e+03 4.016745048548914568e-17
6.556585371017467878e+03 3.643430828042097691e-17
6.560790444850933454e+03 4.184827818147444770e-17
6.564995518684399030e+03 4.066384818852711801e-17
6.569200592517864607e+03 4.177462601973272612e-17
6.573405666351330183e+03 4.491545396665372369e-17
6.577610740184795759e+03 4.368085050647137755e-17
6.581815814018261335e+03 4.449652338234256750e-17
6.586020887851726911e+03 4.407666304702290172e-17
6.590225961685192487e+03 4.694359164079289055e-17
6.594431035518658064e+03 5.158163634876956948e-17
6.598636109352123640e+03 5.418666632571546890e-17
6.602841183185589216e+03 5.645154970861221270e-17
6.607046257019054792e+03 6.402722710039746305e-17
6.611251330852520368e+03 6.913948121866099190e-17
6.615456404685985945e+03 7.601151245929433395e-17
6.619661478519451521e+03 8.473570035310741132e-17
6.623866552352917097e+03 9.387504688763840307e-17
6.628071626186382673e+03 1.022091694917959747e-16
6.632276700019848249e+03 1.107321275036320519e-16
6.636481773853313825e+03 1.229411148215677277e-16
6.640686847686779402e+03 1.259994066869681842e-16
6.644891921520244978e+03 1.198303863227763097e-16
6.649096995353710554e+03 1.326186912370747235e-16
6.653302069187176130e+03 1.451082846885679879e-16
6.657507143020642616e+03 1.458453886411364411e-16
6.661712216854108192e+03 1.452951878023355696e-16
6.665917290687573768e+03 1.488034526860750723e-16
6.670122364521039344e+03 1.484184762115479928e-16
6.674327438354504920e+03 1.410098893034984540e-16
6.678532512187970497e+03 1.431458284637879817e-16
6.682737586021436073e+03 1.427822131013994716e-16
6.686942659854901649e+03 1.392190498947660495e-16
6.691147733688367225e+03 1.367138308392532487e-16
6.695352807521832801e+03 1.391847450604022504e-16
6.699557881355298377e+03 1.411340987442794167e-16
6.703762955188763954e+03 1.377018285977763858e-16
6.707968029022229530e+03 1.473077248501219864e-16
6.712173102855695106e+03 1.407297993306430984e-16
6.716378176689160682e+03 1.779544356729666405e-16
6.720583250522626258e+03 1.984311924750433343e-16
6.724788324356091834e+03 2.036240338373042293e-16
6.728993398189557411e+03 1.913889605515710812e-16
6.733198472023022987e+03 1.493309953935368912e-16
6.737403545856488563e+03 1.436278299154450811e-16
6.741608619689954139e+03 1.469594222552330579e-16
6.745813693523419715e+03 1.471795846470701718e-16
6.750018767356885292e+03 1.446431974260763728e-16
6.754223841190350868e+03 1.384090216993949215e-16
6.758428915023816444e+03 1.345103937409793940e-16
6.762633988857282020e+03 1.278563543702558266e-16
6.766839062690747596e+03 1.238135852270192587e-16
6.771044136524213172e+03 1.247550755827822144e-16
6.775249210357678749e+03 1.189539189806049224e-16
6.779454284191144325e+03 1.144646708299367323e-16
6.783659358024609901e+03 1.134038547077293271e-16
6.787864431858075477e+03 1.100937293591983264e-16
6.792069505691541053e+03 1.102618984864528072e-16
6.796274579525006629e+03 1.092047219589406353e-16
6.800479653358472206e+03 9.764208695420899492e-17
6.804684727191937782e+03 9.520199679140616922e-17
6.808889801025403358e+03 9.051652816455060010e-17
6.813094874858868934e+03 9.164727082702078809e-17
6.817299948692334510e+03 8.667316248849851528e-17
6.821505022525800086e+03 8.243636986078150923e-17
6.825710096359265663e+03 8.060153767835108451e-17
6.829915170192731239e+03 6.929740654120961595e-17
6.834120244026196815e+03 7.697485361811849040e-17
6.838325317859662391e+03 7.294489584820914381e-17
6.842530391693127967e+03 7.042149205410997716e-17
6.846735465526593543e+03 6.688935142916974390e-17
6.850940539360059120e+03 6.899759658255099617e-17
6.855145613193524696e+03 6.616298097222977881e-17
6.859350687026990272e+03 6.267169645210476469e-17
6.863555760860455848e+03 5.590373776742039438e-17
6.867760834693921424e+03 4.858886711405066344e-17
6.871965908527387001e+03 4.593028877297053122e-17
6.876170982360852577e+03 5.704283826279981815e-17
6.880376056194318153e+03 6.076712963531366953e-17
6.884581130027783729e+03 6.013225197156696973e-17
6.888786203861249305e+03 5.414120778797200471e-17
6.892991277694714881e+03 5.295754872735557444e-17
6.897196351528180458e+03 5.572735639104448718e-17
6.901401425361646034e+03 5.161957085166125133e-17
6.905606499195111610e+03 5.039307045275947465e-17
6.909811573028577186e+03 4.914214837345268238e-17
6.914016646862042762e+03 4.609206213972875195e-17
6.918221720695508338e+03 4.611517356604348354e-17
6.922426794528973915e+03 4.879423620781287894e-17
6.926631868362439491e+03 4.803285946734966972e-17
6.930836942195905067e+03 4.550936964646679756e-17
6.935042016029370643e+03 4.248542232009954280e-17
6.939247089862836219e+03 4.552262107987989706e-17
6.943452163696301795e+03 4.245994515723290955e-17
6.947657237529767372e+03 4.467922110987592962e-17
6.951862311363232948e+03 4.344465735436298603e-17
6.956067385196698524e+03 4.802912391970338025e-17
6.960272459030164100e+03 4.723483862575036138e-17
6.964477532863630586e+03 4.692482125833283724e-17
6.968682606697096162e+03 4.429756328396641286e-17
6.972887680530561738e+03 4.222913529655101313e-17
6.977092754364027314e+03 4.525155068442381968e-17
6.981297828197492890e+03 4.246839894309320149e-17
6.985502902030958467e+03 4.546702792527143318e-17
6.989707975864424043e+03 4.532314482080150933e-17
6.993913049697889619e+03 4.352222042604085833e-17
6.998118123531355195e+03 4.220719184926120641e-17
7.002323197364820771e+03 4.509165998073976964e-17
7.006528271198286347e+03 4.209991314125797915e-17
7.010733345031751924e+03 4.239235126629752634e-17
7.014938418865217500e+03 3.975433994396791260e-17
7.019143492698683076e+03 4.225520802945868456e-17
7.023348566532148652e+03 4.464579639568388688e-17
7.027553640365614228e+03 3.965895940189564808e-17
7.031758714199079805e+03 3.873032012412931625e-17
7.035963788032545381e+03 4.093574576459574842e-17
7.040168861866010957e+03 3.992636373287689045e-17
7.044373935699476533e+03 4.107770319259964882e-17
7.048579009532942109e+03 4.588805293089357363e-17
7.052784083366407685e+03 3.610326398183235481e-17
7.056989157199873262e+03 4.082327236234568814e-17
7.061194231033338838e+03 3.873398287988170105e-17
7.065399304866804414e+03 4.217507738915944767e-17
7.069604378700269990e+03 4.332335297189330962e-17
7.073809452533735566e+03 4.103690333606608328e-17
7.078014526367201142e+03 3.827573805541712457e-17
7.082219600200666719e+03 4.070150145001053183e-17
7.086424674034132295e+03 3.726027128311232652e-17
7.090629747867597871e+03 3.797519356037455771e-17
7.094834821701063447e+03 4.318217309366520907e-17
7.099039895534529023e+03 4.153876373986935581e-17
7.103244969367994599e+03 4.307087428788497409e-17
7.107450043201460176e+03 4.344565989726540030e-17
7.111655117034925752e+03 3.798565904948457861e-17
7.115860190868391328e+03 3.880065032853102487e-17
7.120065264701856904e+03 4.130938986473085145e-17
7.124270338535322480e+03 4.332207580502752775e-17
7.128475412368788056e+03 4.380423938408468758e-17
7.132680486202253633e+03 4.143745065844386098e-17
7.136885560035719209e+03 3.848154059182031786e-17
7.141090633869184785e+03 3.780723950007934076e-17
7.145295707702650361e+03 4.329916951950470931e-17
7.149500781536115937e+03 4.146435718940898586e-17
7.153705855369581514e+03 4.013826424475582465e-17
7.157910929203047090e+03 4.105679206671430828e-17
7.162116003036512666e+03 4.168683899568369840e-17
7.166321076869978242e+03 4.105766556944116428e-17
7.170526150703443818e+03 3.811942408070175382e-17
7.174731224536909394e+03 3.903836218424406375e-17
7.178936298370375880e+03 3.658568564124063118e-17
7.183141372203841456e+03 3.805302132984844697e-17
7.187346446037307032e+03 4.122114623698369445e-17
7.191551519870772609e+03 3.700966864473326126e-17
7.195756593704238185e+03 3.695358910792461620e-17
7.199961667537703761e+03 3.811228385765419609e-17
7.204166741371169337e+03 3.873993196284718243e-17
7.208371815204634913e+03 3.868156940754789101e-17
7.212576889038100489e+03 4.507607589799927060e-17
7.216781962871566066e+03 4.557441251239306723e-17
7.220987036705031642e+03 4.295125404514245565e-17
7.225192110538497218e+03 3.885994925228372632e-17
7.229397184371962794e+03 4.692934097319982698e-17
7.233602258205428370e+03 4.708404360008194443e-17
7.237807332038893946e+03 5.161550774049239085e-17
7.242012405872359523e+03 5.015167268023689947e-17
7.246217479705825099e+03 5.064189630718277601e-17
7.250422553539290675e+03 4.849033666820579699e-17
7.254627627372756251e+03 4.054108465945689807e-17
7.258832701206221827e+03 4.448380796196640236e-17
7.263037775039687403e+03 4.418208556173155999e-17
7.267242848873152980e+03 5.104620233826399466e-17
7.271447922706618556e+03 4.846783404682190443e-17
7.275652996540084132e+03 4.538924647791184688e-17
7.279858070373549708e+03 4.408285697544969879e-17
7.284063144207015284e+03 4.412506965646950489e-17
7.288268218040480861e+03 4.173820691172324142e-17
7.292473291873946437e+03 4.528418461395026173e-17
7.296678365707412013e+03 4.065163238524093490e-17
7.300883439540877589e+03 4.721104891133333630e-17
7.305088513374343165e+03 4.477508472542592510e-17
7.309293587207808741e+03 4.373274781810295450e-17
7.313498661041274318e+03 4.416779188074664367e-17
7.317703734874739894e+03 4.037194607652450518e-17
7.321908808708205470e+03 4.470268326077038370e-17
7.326113882541671046e+03 4.715998208903676259e-17
7.330318956375136622e+03 5.267398790464994634e-17
7.334524030208602198e+03 5.981597119255119407e-17
7.338729104042067775e+03 5.884739563481080206e-17
7.342934177875533351e+03 5.116297377097688047e-17
7.347139251708998927e+03 5.344309051203440083e-17
7.351344325542464503e+03 4.925274573007347239e-17
7.355549399375930079e+03 4.895723049315522794e-17
7.359754473209395655e+03 5.541539680354868854e-17
7.363959547042861232e+03 5.890690631680031708e-17
7.368164620876326808e+03 6.557759517889335176e-17
7.372369694709792384e+03 6.488256494100179579e-17
7.376574768543257960e+03 5.674042764829533166e-17
7.380779842376723536e+03 5.759296630970678495e-17
7.384984916210189112e+03 5.523395308182395681e-17
7.389189990043654689e+03 6.185476626170249414e-17
7.393395063877120265e+03 6.694059030503372865e-17
7.397600137710585841e+03 5.864365774121654113e-17
7.401805211544051417e+03 2.228725994833070879e-17
7.406010285377516993e+03 2.837345637214887370e-17
7.410215359210982569e+03 6.296906457359512793e-17
7.414420433044448146e+03 6.171007582895471854e-17
7.418625506877913722e+03 6.672928205447338241e-17
7.422830580711379298e+03 6.106410732755490774e-17
7.427035654544844874e+03 6.548866995432145108e-17
7.431240728378310450e+03 6.144074582150745273e-17
7.435445802211776027e+03 5.710633926406428898e-17
7.439650876045241603e+03 5.953290998693554800e-17
7.443855949878707179e+03 5.997419430012033720e-17
7.448061023712172755e+03 5.747806761390071920e-17
7.452266097545638331e+03 6.217197348300432919e-17
7.456471171379103907e+03 6.101862562875429207e-17
7.460676245212569484e+03 5.803796300948071214e-17
7.464881319046035060e+03 6.081807072615713519e-17
7.469086392879500636e+03 6.238793379732967366e-17
7.473291466712966212e+03 6.172053800934228923e-17
7.477496540546431788e+03 6.844291573355253751e-17
7.481701614379897364e+03 7.787958406745958953e-17
7.485906688213362941e+03 7.473776019508107812e-17
7.490111762046828517e+03 6.943724638684538059e-17
7.494316835880294093e+03 6.584414585948243940e-17
7.498521909713759669e+03 6.727835792764118176e-17
7.502726983547225245e+03 6.938838317370064814e-17
7.506932057380690821e+03 7.067008298923931346e-17
7.511137131214156398e+03 7.530398848543077704e-17
7.515342205047621974e+03 7.039124371347013805e-17
7.519547278881088459e+03 6.504524158898892443e-17
7.523752352714554036e+03 6.218624731165454424e-17
7.527957426548019612e+03 5.942603825179369683e-17
7.532162500381485188e+03 6.817600109349392654e-17
7.536367574214950764e+03 6.448570353543355439e-17
7.540572648048416340e+03 6.874209041750071656e-17
7.544777721881881916e+03 6.653072562023615365e-17
7.548982795715347493e+03 6.189952004156406315e-17
7.553187869548813069e+03 5.618969741390242626e-17
7.557392943382278645e+03 5.369024215289789487e-17
7.561598017215744221e+03 5.622821756066779565e-17
7.565803091049209797e+03 5.958138277083115542e-17
7.570008164882675374e+03 6.306521604799829187e-17
7.574213238716140950e+03 5.874556639268307414e-17
7.578418312549606526e+03 5.991682767027855963e-17
7.582623386383072102e+03 5.521262505690988955e-17
7.586828460216537678e+03 4.699073762698596291e-17
7.591033534050003254e+03 3.068106859676765670e-17
7.595238607883468831e+03 2.017484911338463948e-17
7.599443681716934407e+03 1.314853545362035692e-17
7.603648755550399983e+03 1.590588412292299596e-17
7.607853829383865559e+03 2.041379181384915726e-17
7.612058903217331135e+03 3.162358796521262834e-17
7.616263977050796711e+03 3.564462541939620308e-17
7.620469050884262288e+03 3.485280843239104245e-17
7.624674124717727864e+03 2.541533111584491357e-17
7.628879198551193440e+03 2.111387777964463734e-17
7.633084272384659016e+03 2.370730737568009310e-17
7.637289346218124592e+03 2.533056826411537972e-17
7.641494420051590168e+03 2.928181318129540530e-17
7.645699493885055745e+03 3.548064513476369088e-17
7.649904567718521321e+03 3.487697534116739170e-17
7.654109641551986897e+03 3.943478022100397674e-17
7.658314715385452473e+03 3.654517364356023410e-17
7.662519789218918049e+03 3.846065924443702923e-17
7.666724863052383625e+03 3.519584684986168345e-17
7.670929936885849202e+03 3.405751728681315909e-17
7.675135010719314778e+03 3.750965631162971373e-17
7.679340084552780354e+03 3.912294636496128615e-17
7.683545158386245930e+03 4.312787695825722834e-17
7.687750232219711506e+03 4.503701312075206642e-17
7.691955306053177083e+03 4.480373164439986156e-17
7.696160379886642659e+03 3.965960129405098923e-17
7.700365453720108235e+03 3.724432985834720457e-17
7.704570527553573811e+03 2.523165235210506356e-17
7.708775601387039387e+03 2.208951249673255689e-17
7.712980675220504963e+03 2.757936794718164245e-17
7.717185749053971449e+03 3.200798210458847051e-17
7.721390822887437025e+03 4.328516038865051123e-17
7.725595896720902601e+03 5.008498537925287438e-17
7.729800970554368178e+03 4.487151744123735707e-17
7.734006044387833754e+03 3.573170437684088541e-17
7.738211118221299330e+03 3.385587050580743222e-17
7.742416192054764906e+03 2.644588400816145373e-17
7.746621265888230482e+03 2.769594085654751553e-17
7.750826339721696058e+03 3.890043147146207149e-17
7.755031413555161635e+03 4.492498308731033457e-17
7.759236487388627211e+03 4.551320776450904361e-17
7.763441561222092787e+03 4.036932887706638740e-17
7.767646635055558363e+03 3.533505803823190779e-17
7.771851708889023939e+03 3.198178694895014123e-17
7.776056782722489515e+03 3.099625749737486237e-17
7.780261856555955092e+03 3.924560070619064909e-17
7.784466930389420668e+03 5.244936535494994657e-17
7.788672004222886244e+03 5.880437562551314419e-17
7.792877078056351820e+03 5.085516663015609803e-17
7.797082151889817396e+03 4.653391555317497764e-17
7.801287225723282972e+03 2.981169846425197440e-17
7.805492299556748549e+03 3.238470662532472101e-17
7.809697373390214125e+03 3.137178095186168587e-17
7.813902447223679701e+03 4.059354445390501108e-17
7.818107521057145277e+03 4.961785663500947838e-17
7.822312594890610853e+03 3.957240653132054948e-17
7.826517668724076429e+03 4.384041695535530680e-17
7.830722742557542006e+03 3.879153810690314072e-17
7.834927816391007582e+03 3.584803244074544280e-17
7.839132890224473158e+03 2.724926001704643038e-17
7.843337964057938734e+03 3.135129334244997248e-17
7.847543037891404310e+03 3.466906183984096309e-17
7.851748111724869887e+03 4.661697110412020204e-17
7.855953185558335463e+03 5.707626297699186090e-17
7.860158259391801039e+03 4.628804107917726548e-17
7.864363333225266615e+03 3.686217903279260621e-17
7.868568407058732191e+03 3.518923271368370944e-17
7.872773480892197767e+03 2.576797640894974543e-17
7.876978554725663344e+03 3.604160924769510234e-17
7.881183628559128920e+03 4.866609600476106432e-17
7.885388702392594496e+03 5.540018991516751368e-17
7.889593776226060072e+03 5.608242201462164921e-17
7.893798850059525648e+03 4.679976809332707052e-17
7.898003923892991224e+03 4.061676506806059968e-17
7.902208997726456801e+03 3.645724434444584726e-17
7.906414071559922377e+03 3.404285302891381902e-17
7.910619145393387953e+03 5.393247703220037370e-17
7.914824219226853529e+03 6.638790792439519810e-17
7.919029293060319105e+03 5.680803808284296593e-17
7.923234366893784681e+03 5.080718684590557221e-17
7.927439440727250258e+03 4.141328705838996193e-17
7.931644514560715834e+03 3.118416977148975877e-17
7.935849588394181410e+03 3.678938713888793978e-17
7.940054662227646986e+03 4.599779663712220891e-17
7.944259736061112562e+03 5.121680337651938130e-17
7.948464809894578138e+03 4.816012285895217813e-17
7.952669883728043715e+03 3.992664828300760869e-17
7.956874957561509291e+03 2.374005545613106747e-17
7.961080031394974867e+03 2.056506991299530517e-17
7.965285105228440443e+03 1.571608587701147866e-17
7.969490179061906019e+03 -2.267511501138947283e-17
7.973695252895371596e+03 -2.264947737548400429e-17
7.977900326728837172e+03 2.270416228577988495e-17
7.982105400562302748e+03 2.734556203832107896e-17
7.986310474395768324e+03 2.648917367833880388e-17
7.990515548229233900e+03 3.132507502575449171e-17
7.994720622062699476e+03 3.652704515325552194e-17
7.998925695896165053e+03 3.761958199759311069e-17
8.003130769729630629e+03 4.012396725504845812e-17
8.007335843563096205e+03 4.119722748239111111e-17
8.011540917396561781e+03 3.779925886152942914e-17
8.015745991230027357e+03 4.660872576777427346e-17
8.019951065063492933e+03 4.504071888989630399e-17
8.024156138896958510e+03 4.371599244761508038e-17
8.028361212730424086e+03 3.960268134173999029e-17
8.032566286563889662e+03 3.642566589738102287e-17
8.036771360397355238e+03 3.757342862813510195e-17
8.040976434230820814e+03 3.890719119142785484e-17
8.045181508064286390e+03 3.782933514860185723e-17
8.049386581897751967e+03 4.067663309207473761e-17
8.053591655731217543e+03 3.989651905637597721e-17
8.057796729564683119e+03 3.272258012705058091e-17
8.062001803398148695e+03 3.754474531321421317e-17
8.066206877231614271e+03 3.742805659856258266e-17
8.070411951065079847e+03 3.713130389944795887e-17
8.074617024898545424e+03 3.433782232662777848e-17
8.078822098732011000e+03 2.891773790648631570e-17
8.083027172565476576e+03 3.268964841250361977e-17
8.087232246398943062e+03 3.357500960062117720e-17
8.091437320232408638e+03 3.563460329909451060e-17
8.095642394065874214e+03 4.201656311401468587e-17
8.099847467899339790e+03 3.787481353868002269e-17
8.104052541732805366e+03 4.068054069328843811e-17
8.108257615566270943e+03 3.944924264683385387e-17
8.112462689399736519e+03 3.373045338133214216e-17
8.116667763233202095e+03 3.710175700796756472e-17
8.120872837066667671e+03 3.186710662882578948e-17
8.125077910900133247e+03 2.799403855133815054e-17
8.129282984733598823e+03 3.177090221486342215e-17
8.133488058567064400e+03 2.947254779566033263e-17
8.137693132400529976e+03 3.726866882069096486e-17
8.141898206233995552e+03 3.686837957866430371e-17
8.146103280067461128e+03 3.306491709536177694e-17
8.150308353900926704e+03 3.511159354138948226e-17
8.154513427734392280e+03 3.191526508408862675e-17
8.158718501567857857e+03 2.638276516433998240e-17
8.162923575401323433e+03 -9.491329090529046129e-17
8.167128649234789009e+03 -1.960218535786927799e-17
8.171333723068254585e+03 2.709805967287786245e-17
8.175538796901720161e+03 3.557875868157983059e-17
8.179743870735185737e+03 3.472870817945093681e-17
8.183948944568651314e+03 4.006484700230806813e-17
8.188154018402116890e+03 3.458409053859706588e-17
8.192359092235583375e+03 2.881312602877795939e-17
8.196564166069048952e+03 3.305033886424614238e-17
8.200769239902514528e+03 3.203580846039475437e-17
8.204974313735980104e+03 3.334488464548647469e-17
8.209179387569445680e+03 2.652336436177807073e-17
8.213384461402911256e+03 3.282210649835296120e-17
8.217589535236376832e+03 3.052110840991215221e-17
8.221794609069842409e+03 3.225462420219463188e-17
8.225999682903307985e+03 3.342772512947243531e-17
8.230204756736773561e+03 2.846626272815487319e-17
8.234409830570239137e+03 3.131268716890089757e-17
8.238614904403704713e+03 3.170264988816044673e-17
8.242819978237170290e+03 3.432076917111938526e-17
8.247025052070635866e+03 3.052128377220201345e-17
8.251230125904101442e+03 3.067025238307791331e-17
8.255435199737567018e+03 3.082782036360191445e-17
8.259640273571032594e+03 3.212939898362145413e-17
8.263845347404498170e+03 3.292440888779106945e-17
8.268050421237963747e+03 3.368273498615518310e-17
8.272255495071429323e+03 3.724979917655740519e-17
8.276460568904894899e+03 3.516661097829160924e-17
8.280665642738360475e+03 2.574937973441832826e-17
8.284870716571826051e+03 2.665195124236066399e-17
8.289075790405291627e+03 3.359844528173602958e-17
8.293280864238757204e+03 2.633426094758109797e-17
8.297485938072222780e+03 2.797266089558733009e-17
8.301691011905688356e+03 2.997321044193662837e-17
8.305896085739153932e+03 2.955574562167091615e-17
8.310101159572619508e+03 3.114819403228860249e-17
8.314306233406085084e+03 3.370488688295935318e-17
8.318511307239550661e+03 3.790556480513229405e-17
8.322716381073016237e+03 3.364851286985263924e-17
8.326921454906481813e+03 3.509509294253027446e-17
8.331126528739947389e+03 3.518518614612710003e-17
8.335331602573412965e+03 3.131315369876637748e-17
8.339536676406878541e+03 2.821342670212191475e-17
8.343741750240344118e+03 3.518499424022498772e-17
8.347946824073809694e+03 3.120544485684462264e-17
8.352151897907275270e+03 2.815853499667289584e-17
8.356356971740740846e+03 3.086088773576933428e-17
8.360562045574206422e+03 3.591052759038504915e-17
8.364767119407671998e+03 3.727466422577074921e-17
8.368972193241137575e+03 3.651943840034248430e-17
8.373177267074603151e+03 3.264956324001930005e-17
8.377382340908068727e+03 3.570033107056797418e-17
8.381587414741534303e+03 3.016064295129624402e-17
8.385792488574999879e+03 2.947336835882798523e-17
8.389997562408465456e+03 1.955641083713181855e-17
8.394202636241931032e+03 2.336839328074364150e-17
8.398407710075396608e+03 1.938294609959577332e-17
8.402612783908862184e+03 2.817347718725805373e-17
8.406817857742327760e+03 3.696377997307126950e-17
8.411022931575793336e+03 3.719916910562425948e-17
8.415228005409258913e+03 2.749209212075117250e-17
8.419433079242724489e+03 3.683742978886501962e-17
8.423638153076190065e+03 3.445861054839522179e-17
8.427843226909655641e+03 2.402996240849620239e-17
8.432048300743121217e+03 2.774916000279795223e-17
8.436253374576586793e+03 3.086476886720343309e-17
8.440458448410052370e+03 3.467031584564959348e-17
8.444663522243517946e+03 3.234220939417419666e-17
8.448868596076983522e+03 3.940163674822020202e-17
8.453073669910449098e+03 3.557161184108737243e-17
8.457278743743914674e+03 3.715523919765279328e-17
8.461483817577380250e+03 3.467037871137614751e-17
8.465688891410845827e+03 2.905006695216009885e-17
8.469893965244311403e+03 2.982297789908474749e-17
8.474099039077776979e+03 2.658932539818427426e-17
8.478304112911242555e+03 2.755102046758945019e-17
8.482509186744708131e+03 3.230939017619054274e-17
8.486714260578173707e+03 3.349462087997082376e-17
8.490919334411639284e+03 3.520799978742131253e-17
8.495124408245104860e+03 3.595980108511360790e-17
8.499329482078570436e+03 2.738941253695374007e-17
8.503534555912036012e+03 3.062988596918532556e-17
8.507739629745501588e+03 3.575113981251343135e-17
8.511944703578967165e+03 2.804250140906640733e-17
8.516149777412432741e+03 3.173637900481790898e-17
8.520354851245898317e+03 3.185709443469144763e-17
8.524559925079363893e+03 2.728493300814339225e-17
8.528764998912829469e+03 1.917146744982924116e-17
8.532970072746295045e+03 2.549830767104163916e-18
8.537175146579760622e+03 3.830342213615804930e-17
8.541380220413226198e+03 4.280477359354911530e-17
8.545585294246691774e+03 4.039868386264466925e-17
8.549790368080157350e+03 3.445805137430113594e-17
8.553995441913622926e+03 2.910599097901358395e-17
8.558200515747088502e+03 3.275124689835921864e-17
8.562405589580554079e+03 3.494304391105322713e-17
8.566610663414019655e+03 3.269942899606644677e-17
8.570815737247485231e+03 3.363203543205058293e-17
8.575020811080950807e+03 3.676370483522939337e-17
8.579225884914416383e+03 4.024641645548590791e-17
8.583430958747881959e+03 4.409051335919948961e-17
8.587636032581347536e+03 4.699880429231958004e-17
8.591841106414813112e+03 3.682034354613212429e-17
8.596046180248278688e+03 3.310310636988212513e-17
8.600251254081744264e+03 2.992076388237831621e-17
8.604456327915209840e+03 3.164765561231547124e-17
8.608661401748675416e+03 2.772825053127383679e-17
8.612866475582140993e+03 3.406005176821002157e-17
8.617071549415606569e+03 5.077535362721208149e-17
8.621276623249072145e+03 6.603511870186378201e-17
8.625481697082537721e+03 7.927668550461675285e-17
8.629686770916003297e+03 7.663247363641544161e-17
8.633891844749468873e+03 6.643747258669937552e-17
8.638096918582934450e+03 5.047682083541924359e-17
8.642301992416400026e+03 3.168595407467667642e-17
8.646507066249865602e+03 3.055320301767920968e-17
8.650712140083331178e+03 3.490958280091423205e-17
8.654917213916796754e+03 4.092037674881451317e-17
8.659122287750262331e+03 5.205763577790198415e-17
8.663327361583727907e+03 7.119718894533770439e-17
8.667532435417193483e+03 7.141091256328670547e-17
8.671737509250659059e+03 5.972410782244350503e-17
8.675942583084124635e+03 6.004208266735378929e-17
8.680147656917590211e+03 5.048687935166788841e-17
8.684352730751055788e+03 4.852345697993242022e-17
8.688557804584521364e+03 3.930667972262156466e-17
8.692762878417986940e+03 3.560532772285503384e-17
8.696967952251452516e+03 4.376428656049837634e-17
8.701173026084918092e+03 4.385897227085609632e-17
8.705378099918383668e+03 4.449844244136369053e-17
8.709583173751849245e+03 4.872851836250676600e-17
8.713788247585314821e+03 4.540028768472820469e-17
8.717993321418780397e+03 4.753664374404645906e-17
8.722198395252245973e+03 4.237955643658255611e-17
8.726403469085711549e+03 3.714662990183734137e-17
8.730608542919177125e+03 4.106330032377387550e-17
8.734813616752642702e+03 3.966935209911176432e-17
8.739018690586108278e+03 4.424515312035505303e-17
8.743223764419573854e+03 3.809957836344538158e-17
8.747428838253039430e+03 5.065049567683087728e-17
8.751633912086505006e+03 7.040684764854533836e-17
8.755838985919970582e+03 7.069693658064523495e-17
8.760044059753436159e+03 6.147669178220655710e-17
8.764249133586903554e+03 5.049276556890681575e-17
8.768454207420369130e+03 3.074054950025511981e-17
8.772659281253834706e+03 2.270165427416262417e-17
8.776864355087300282e+03 3.230258082538800622e-17
8.781069428920765858e+03 4.222147560407877209e-17
8.785274502754231435e+03 5.363053294756136712e-17
8.789479576587697011e+03 5.729797385093567401e-17
8.793684650421162587e+03 6.335246609623590647e-17
8.797889724254628163e+03 5.911930644576923331e-17
8.802094798088093739e+03 5.091256303849992751e-17
8.806299871921559316e+03 5.423011316020920412e-17
8.810504945755024892e+03 5.616911716026210693e-17
8.814710019588490468e+03 4.321909181876467580e-17
8.818915093421956044e+03 2.333858169146723038e-17
8.823120167255421620e+03 2.669914685939048953e-17
8.827325241088887196e+03 4.625266421873959759e-17
8.831530314922352773e+03 5.348556789085022391e-17
8.835735388755818349e+03 6.408689660106458826e-17
8.839940462589283925e+03 6.079119728241651243e-17
8.844145536422749501e+03 5.768819795926878992e-17
8.848350610256215077e+03 5.931473282856856142e-17
8.852555684089680653e+03 6.211841188398029554e-17
8.856760757923146230e+03 4.853404489177309898e-17
8.860965831756611806e+03 3.265736851627935042e-17
8.865170905590077382e+03 2.827000585602054185e-17
8.869375979423542958e+03 4.058114997960651652e-17
8.873581053257008534e+03 6.798822447699948883e-17
8.877786127090474110e+03 7.885938281175110102e-17
8.881991200923939687e+03 9.091167565188963164e-17
8.886196274757405263e+03 1.129839645939076094e-16
8.890401348590870839e+03 7.520996782828554971e-17
8.894606422424336415e+03 5.410535447150150628e-17
8.898811496257801991e+03 5.421250744805162548e-17
8.903016570091267567e+03 3.920143918764766805e-17
8.907221643924733144e+03 3.547702539240315883e-17
8.911426717758198720e+03 1.253139750529046935e-17
8.915631791591664296e+03 2.077488923845305596e-17
8.919836865425129872e+03 2.428186041171452570e-17
8.924041939258595448e+03 3.002595809523790984e-17
8.928247013092061025e+03 5.806827752456955550e-17
8.932452086925526601e+03 5.972214244130807904e-17
8.936657160758992177e+03 6.012795724982659441e-17
8.940862234592457753e+03 6.085866213317633736e-17
8.945067308425923329e+03 5.887405732031461125e-17
8.949272382259388905e+03 4.595442259452237835e-17
8.953477456092854482e+03 2.808708644408301552e-17
8.957682529926320058e+03 2.647558806395823296e-17
8.961887603759785634e+03 3.540425004211074345e-17
8.966092677593251210e+03 3.296498044247557035e-17
8.970297751426716786e+03 3.860441330873139480e-17
8.974502825260182362e+03 3.554987353458947887e-17
8.978707899093647939e+03 2.923827370257306413e-17
8.982912972927113515e+03 3.450901231747930287e-17
8.987118046760579091e+03 3.801079210521638981e-17
8.991323120594044667e+03 5.357670334201886629e-17
8.995528194427510243e+03 4.733493409731417815e-17
8.999733268260975819e+03 6.861423476457962018e-17
9.003938342094441396e+03 6.225357981351636069e-17
9.008143415927906972e+03 4.488166529299215761e-17
9.012348489761372548e+03 3.093789494207557095e-17
9.016553563594838124e+03 2.735655857738435891e-17
9.020758637428303700e+03 2.876661531729532775e-17
9.024963711261769276e+03 3.332075744137952798e-17
9.029168785095234853e+03 2.929437309171641047e-17
9.033373858928700429e+03 2.694755250606261396e-17
9.037578932762166005e+03 3.804639065005822191e-17
9.041784006595631581e+03 4.585270915768040786e-17
9.045989080429097157e+03 4.668690426182788521e-17
9.050194154262562733e+03 5.052091287079077018e-17
9.054399228096028310e+03 4.799822045201839913e-17
9.058604301929493886e+03 3.519471195806126069e-17
9.062809375762959462e+03 2.070550863739455821e-17
9.067014449596425038e+03 -3.017435429712992301e-17
9.071219523429890614e+03 -4.074176529350716301e-17
9.075424597263356191e+03 -3.975306277710213072e-17
9.079629671096821767e+03 -3.270691580779066423e-18
9.083834744930287343e+03 2.020330247209523852e-17
9.088039818763752919e+03 2.396126174990122323e-17
9.092244892597218495e+03 3.565774119518884389e-17
9.096449966430684071e+03 4.125338642853856126e-17
9.100655040264149648e+03 3.482005538885639276e-17
9.104860114097615224e+03 3.251758822764768959e-17
9.109065187931080800e+03 3.231995492697407001e-17
9.113270261764546376e+03 3.556833620586166245e-17
9.117475335598011952e+03 3.248131139470356401e-17
9.121680409431477528e+03 3.140695598022989082e-17
9.125885483264943105e+03 2.524898509466049970e-17
9.130090557098408681e+03 2.087254452720984130e-17
9.134295630931874257e+03 3.282705634713847852e-17
9.138500704765339833e+03 3.276308550728607757e-17
9.142705778598805409e+03 3.139017744868486520e-17
9.146910852432270985e+03 4.016579612426403963e-17
9.151115926265736562e+03 3.316612429766886499e-17
9.155321000099202138e+03 3.543041211052457061e-17
9.159526073932667714e+03 3.550179779738789690e-17
9.163731147766135109e+03 2.665270232235686214e-17
9.167936221599600685e+03 2.451455458983181791e-17
9.172141295433066261e+03 2.139657337142953497e-17
9.176346369266531838e+03 3.131021886195303934e-17
9.180551443099997414e+03 2.361772702406305042e-17
9.184756516933462990e+03 2.555499725355204208e-17
9.188961590766928566e+03 2.776204747674152840e-17
9.193166664600394142e+03 3.102812049457040499e-17
9.197371738433859718e+03 3.312758429856879432e-17
9.201576812267325295e+03 3.428647095420048652e-17
9.205781886100790871e+03 4.007648377916546412e-17
9.209986959934256447e+03 3.625929340641700731e-17
9.214192033767722023e+03 2.979789447418968948e-17
9.218397107601187599e+03 3.803381088730251546e-17
9.222602181434653176e+03 3.724461771720037303e-17
9.226807255268118752e+03 2.856756257469056717e-17
9.231012329101584328e+03 3.100090294369496017e-17
9.235217402935049904e+03 2.520941442851718796e-17
9.239422476768515480e+03 2.420556127201263443e-17
9.243627550601981056e+03 2.473680313117379050e-17
9.247832624435446633e+03 2.675905624243525512e-17
9.252037698268912209e+03 2.801209094102650782e-17
9.256242772102377785e+03 2.553931721786048689e-17
9.260447845935843361e+03 3.372882879860908802e-17
9.264652919769308937e+03 3.426574511677235786e-17
9.268857993602774513e+03 3.070734316174479107e-17
9.273063067436240090e+03 3.311616258867066212e-17
9.277268141269705666e+03 3.374024389106231980e-17
9.281473215103171242e+03 3.123507115766382188e-17
9.285678288936636818e+03 1.968570247559630698e-17
9.289883362770102394e+03 2.537822048484333453e-17
9.294088436603567970e+03 2.418305865062874186e-17
9.298293510437033547e+03 3.936638231051319198e-17
9.302498584270499123e+03 3.652397796754417532e-17
9.306703658103964699e+03 2.921661149669152544e-17
9.310908731937430275e+03 3.890477582403920000e-17
9.315113805770895851e+03 3.427151552872552778e-17
9.319318879604361427e+03 2.401130452259945630e-17
9.323523953437827004e+03 2.270692506902581207e-17
9.327729027271292580e+03 1.586670884911248457e-17
9.331934101104758156e+03 1.399229772873262259e-17
9.336139174938223732e+03 1.992845847868469423e-17
9.340344248771689308e+03 2.038724097054743018e-17
9.344549322605154885e+03 1.471084305707783603e-17
9.348754396438620461e+03 1.554615816377471018e-17
9.352959470272086037e+03 1.882405986436309507e-17
9.357164544105551613e+03 2.122080741742936723e-17
9.361369617939017189e+03 3.537526232472443515e-17
9.365574691772482765e+03 4.857169815325651280e-17
9.369779765605948342e+03 2.948130267526359388e-17
9.373984839439413918e+03 2.346365801753014859e-17
9.378189913272879494e+03 2.489803883053385176e-17
9.382394987106345070e+03 2.479238966833735396e-17
9.386600060939810646e+03 1.756898864710373682e-17
9.390805134773276222e+03 2.229706369295068728e-17
9.395010208606741799e+03 1.445204305882837026e-17
9.399215282440207375e+03 1.619611533008825168e-17
9.403420356273672951e+03 1.546675875113697016e-17
9.407625430107138527e+03 2.441469072883951599e-17
9.411830503940604103e+03 3.391094088226876259e-17
9.416035577774069679e+03 3.068231267640893645e-17
9.420240651607535256e+03 1.253663024984547980e-17
9.424445725441000832e+03 1.973167221095832894e-17
9.428650799274466408e+03 2.548561168940986901e-17
9.432855873107931984e+03 5.032271129703632667e-18
9.437060946941397560e+03 1.266072223097945991e-17
9.441266020774863136e+03 -1.706587030838392427e-18
9.445471094608328713e+03 1.659553934119418236e-17
9.449676168441794289e+03 2.503971832585193434e-17
9.453881242275259865e+03 1.146306562003740731e-17
9.458086316108725441e+03 2.172652248288713686e-17
9.462291389942191017e+03 2.620702071703574104e-17
9.466496463775656593e+03 4.270212378825373478e-17
9.470701537609122170e+03 4.311348401559880565e-17
9.474906611442587746e+03 1.863069150692779890e-17
9.479111685276053322e+03 2.065091140824360817e-17
9.483316759109518898e+03 2.191825633143202825e-17
9.487521832942984474e+03 1.145224113454153839e-17
9.491726906776450051e+03 7.757715856370407708e-18
9.495931980609915627e+03 4.704257620879404860e-18
9.500137054443381203e+03 1.067904150158310874e-17
9.504342128276846779e+03 6.280712907943684681e-18
9.508547202110312355e+03 2.742523772928341170e-17
9.512752275943777931e+03 3.023589653470386827e-17
9.516957349777243508e+03 1.789184551198930905e-17
9.521162423610709084e+03 2.403602067930254077e-17
9.525367497444174660e+03 2.253260833545883723e-17
9.529572571277640236e+03 1.983352461414320835e-17
9.533777645111105812e+03 1.787749889144518934e-17
9.537982718944571388e+03 2.683382509800392329e-17
9.542187792778036965e+03 8.504677320298655312e-18
9.546392866611502541e+03 1.422037458467064380e-17
9.550597940444968117e+03 2.489097967118632422e-17
9.554803014278433693e+03 2.206540349059908635e-17
9.559008088111899269e+03 1.989122707931368245e-17
9.563213161945364845e+03 2.257733895426325475e-17
9.567418235778830422e+03 2.327411123452484740e-17
9.571623309612295998e+03 2.816480833443849800e-17
9.575828383445761574e+03 2.677593734437623730e-17
9.580033457279227150e+03 2.220332096849127776e-17
9.584238531112692726e+03 2.285912795609679426e-17
9.588443604946158302e+03 1.902418628740294948e-17
9.592648678779623879e+03 1.131293647476209555e-17
9.596853752613089455e+03 1.830181276718284062e-17
9.601058826446555031e+03 1.229750805118803801e-17
9.605263900280020607e+03 2.900547529969859024e-17
9.609468974113486183e+03 3.212993830538083870e-17
9.613674047946951760e+03 4.043847786755337030e-17
9.617879121780417336e+03 2.567839109424902743e-17
9.622084195613882912e+03 2.752174158262752322e-17
9.626289269447348488e+03 2.608526800267406089e-17
9.630494343280814064e+03 3.150413315859262051e-17
9.634699417114279640e+03 2.598837206571959923e-17
9.638904490947745217e+03 1.925097108722416287e-17
9.643109564781210793e+03 3.115993007081950485e-17
9.647314638614676369e+03 2.385448431334920310e-17
9.651519712448141945e+03 2.339326494740188593e-17
9.655724786281607521e+03 2.801247475283073242e-17
9.659929860115073097e+03 3.436900372699857741e-17
9.664134933948538674e+03 3.974306381785758973e-17
9.668340007782004250e+03 5.746135856552714804e-17
9.672545081615469826e+03 4.451148542526242667e-17
9.676750155448935402e+03 3.779247598050649432e-17
9.680955229282400978e+03 4.013859511700084586e-17
9.685160303115866554e+03 3.105025915648477422e-17
9.689365376949332131e+03 2.093249857800768475e-17
9.693570450782797707e+03 2.661610123461261577e-17
9.697775524616263283e+03 3.495031648299879335e-17
9.701980598449728859e+03 3.254664211948300214e-17
9.706185672283194435e+03 4.943091712529494434e-17
9.710390746116660011e+03 4.500980880476642245e-17
9.714595819950125588e+03 4.459290646731724629e-17
9.718800893783591164e+03 3.904255102686603229e-17
9.723005967617056740e+03 4.441660119155769397e-17
9.727211041450522316e+03 2.628667821002459760e-17
9.731416115283987892e+03 3.575399854871041461e-17
9.735621189117453468e+03 3.856891402556306906e-17
9.739826262950919045e+03 1.931106079564246501e-17
9.744031336784384621e+03 4.579102795376355369e-17
9.748236410617850197e+03 2.047142810457062712e-17
9.752441484451315773e+03 3.187857135211577444e-17
9.756646558284781349e+03 3.574183568498343489e-17
9.760851632118246926e+03 5.095492461202999316e-17
9.765056705951712502e+03 4.837281746421916325e-17
9.769261779785178078e+03 2.439544554470785725e-17
9.773466853618643654e+03 3.499834589808607235e-17
9.777671927452109230e+03 3.222379021768110522e-17
9.781877001285574806e+03 7.672316075569208025e-18
9.786082075119040383e+03 5.611650847330373437e-17
9.790287148952505959e+03 6.425295476339583367e-17
9.794492222785971535e+03 2.555115417242612071e-17
9.798697296619437111e+03 2.788683263522882794e-17
9.802902370452902687e+03 5.620630058315759063e-17
9.807107444286368263e+03 3.291932669010754365e-17
9.811312518119833840e+03 3.300415571628608174e-17
9.815517591953299416e+03 2.389610804177287145e-17
9.819722665786764992e+03 3.386245486348335432e-17
9.823927739620230568e+03 2.726865409368834866e-17
9.828132813453696144e+03 2.572836769249825625e-17
9.832337887287161720e+03 3.161164016844491241e-17
9.836542961120627297e+03 2.856306932960317913e-17
9.840748034954094692e+03 4.155926127544841983e-17
9.844953108787560268e+03 3.963809790684706073e-17
9.849158182621025844e+03 1.451170263332814483e-17
9.853363256454491420e+03 1.830281365572402979e-17
9.857568330287956996e+03 4.657058612409067846e-17
9.861773404121422573e+03 4.667531049836234197e-17
9.865978477954888149e+03 6.165617012279586283e-17
9.870183551788353725e+03 3.716741198754712364e-17
9.874388625621819301e+03 5.107583525652809433e-17
9.878593699455284877e+03 4.446056749547611250e-17
9.882798773288750454e+03 2.751706677139567979e-18
9.887003847122216030e+03 1.897716272394053496e-17
9.891208920955681606e+03 3.771336029081885999e-18
9.895413994789147182e+03 2.047954109201854722e-17
9.899619068622612758e+03 3.158695709896633006e-17
9.903824142456078334e+03 2.938616697865264506e-17
9.908029216289543911e+03 1.370962198928242623e-17
9.912234290123009487e+03 1.409153293245938421e-17
9.916439363956475063e+03 3.029496715660750508e-17
9.920644437789940639e+03 1.447237019520124837e-17
9.924849511623406215e+03 1.659422412402022305e-17
9.929054585456871791e+03 -7.036345706233325674e-18
9.933259659290337368e+03 -1.111558689703858165e-17
9.937464733123802944e+03 2.071422588027994830e-19
9.941669806957268520e+03 1.349422643252030234e-18
9.945874880790734096e+03 3.761878459548260957e-17
9.950079954624199672e+03 5.935302136476241597e-17
9.954285028457665248e+03 5.757182357324992956e-17
9.958490102291130825e+03 5.112730574296359392e-17
9.962695176124596401e+03 5.224803290257698984e-17
9.966900249958061977e+03 2.185645270478451624e-17
9.971105323791527553e+03 3.025369415276355921e-17
9.975310397624993129e+03 2.325009818134243301e-17
9.979515471458458705e+03 3.090649185730060780e-17
9.983720545291924282e+03 3.505612942695657665e-17
9.987925619125389858e+03 4.566518069536973606e-17
9.992130692958855434e+03 4.515955165669567194e-17
