3.338269287109369998e+03 -9.153923111285401204e-18
3.342348367214197879e+03 3.280617499975518989e-17
3.346427447319025759e+03 2.620451270541848026e-17
3.350506527423853640e+03 4.433367468078802784e-17
3.354585607528681521e+03 1.330610875911955137e-19
3.358664687633509402e+03 5.586047953010632124e-17
3.362743767738337283e+03 5.729966791683018261e-17
3.366822847843165164e+03 2.646885315941082620e-17
3.370901927947993045e+03 6.701323661515058575e-17
3.374981008052820926e+03 1.189729904568079450e-17
3.379060088157648806e+03 -1.429411008485908010e-18
3.383139168262476687e+03 6.762383487355762908e-17
3.387218248367304568e+03 1.302891934678090125e-17
3.391297328472132449e+03 3.015822758390758918e-17
3.395376408576960330e+03 4.726616230118651943e-17
3.399455488681788211e+03 4.399203585291382656e-17
3.403534568786616092e+03 2.079091999872433364e-17
3.407613648891443972e+03 6.123577046571681247e-17
3.411692728996271853e+03 3.887689321995126254e-17
3.415771809101099734e+03 4.875103091005800920e-17
3.419850889205927615e+03 2.546992503627341339e-17
3.423929969310755496e+03 3.317482292899047263e-17
3.428009049415583377e+03 5.175328294331922314e-17
3.432088129520411258e+03 2.510992445316176001e-17
3.436167209625239138e+03 2.672545947467580134e-17
3.440246289730067474e+03 4.187220355351193148e-17
3.444325369834895355e+03 2.974796916113843894e-17
3.448404449939723236e+03 3.288036648325629605e-17
3.452483530044551117e+03 3.671294903284313960e-17
3.456562610149378997e+03 3.164755304191951466e-17
3.460641690254206878e+03 3.228587177701443506e-17
3.464720770359034759e+03 2.718322784310754728e-17
3.468799850463862640e+03 3.710248492690661139e-17
3.472878930568690521e+03 4.330187936319143303e-17
3.476958010673518402e+03 4.630654345511885160e-17
3.481037090778346283e+03 5.536976290351536311e-17
3.485116170883174163e+03 4.460777917473094972e-17
3.489195250988002044e+03 4.979800333753372696e-17
3.493274331092829925e+03 4.461751674490192397e-17
3.497353411197657806e+03 2.686150256129994759e-17
3.501432491302485687e+03 4.444025193963181014e-17
3.505511571407313568e+03 3.238027293724143679e-17
3.509590651512141449e+03 3.000645979383880987e-17
3.513669731616969329e+03 6.341252602615215670e-17
3.517748811721797210e+03 3.068066493262873082e-17
3.521827891826625091e+03 3.182357376754834874e-17
3.525906971931452972e+03 3.828976372988357371e-17
3.529986052036280853e+03 5.647669599923382474e-17
3.534065132141108734e+03 3.970951337221243892e-17
3.538144212245936615e+03 5.192266968043538194e-17
3.542223292350764495e+03 2.649965901978352606e-17
3.546302372455592376e+03 3.407196978647568559e-17
3.550381452560420257e+03 2.930767415596626315e-17
3.554460532665248138e+03 1.995610781783989173e-17
3.558539612770076019e+03 2.603899221048539431e-17
3.562618692874903900e+03 4.823614737469070180e-17
3.566697772979731781e+03 2.972690914274283885e-17
3.570776853084559662e+03 3.266780753560976963e-17
3.574855933189387542e+03 3.303082401923479136e-17
3.578935013294215423e+03 4.683452953138899895e-17
3.583014093399043304e+03 3.163464571564123722e-17
3.587093173503871185e+03 4.883883778644173819e-17
3.591172253608699066e+03 3.187696662172742157e-17
3.595251333713526947e+03 3.503534072380189396e-17
3.599330413818354828e+03 5.780239520591541071e-17
3.603409493923182708e+03 3.491268969129498123e-17
3.607488574028010589e+03 5.274727279819969438e-17
3.611567654132838470e+03 2.603711285613367383e-17
3.615646734237666351e+03 4.357964330416428951e-17
3.619725814342494232e+03 3.327173540955718535e-17
3.623804894447322113e+03 3.793502236110653247e-17
3.627883974552149994e+03 3.054651278088488079e-17
3.631963054656977874e+03 3.479760239830925338e-17
3.636042134761805755e+03 4.150701323923712039e-17
3.640121214866633636e+03 3.578695342431452724e-17
3.644200294971461517e+03 3.572332007415204792e-17
3.648279375076289398e+03 3.278470469977576350e-17
3.652358455181117279e+03 3.686827700826834713e-17
3.656437535285945160e+03 3.426323048771019665e-17
3.660516615390773040e+03 4.235439029362624279e-17
3.664595695495600921e+03 4.018916563092988776e-17
3.668674775600429257e+03 4.559952571579017715e-17
3.672753855705257138e+03 4.001892524342157424e-17
3.676832935810085019e+03 4.225694841746749613e-17
3.680912015914912899e+03 4.117983352847034604e-17
3.684991096019740780e+03 4.333627022433893770e-17
3.689070176124568661e+03 3.905150442981630626e-17
3.693149256229396542e+03 3.543440904724442684e-17
3.697228336334224423e+03 3.545317942970448014e-17
3.701307416439052304e+03 4.318610054721361085e-17
3.705386496543880185e+03 4.624457439234882898e-17
3.709465576648708065e+03 3.675806015472933151e-17
3.713544656753535946e+03 3.252432809527877166e-17
3.717623736858363827e+03 3.702248001806048255e-17
3.721702816963191708e+03 4.229627589251071728e-17
3.725781897068019589e+03 3.737108039796993011e-17
3.729860977172847470e+03 3.484363003631415405e-17
3.733940057277675351e+03 3.955645518038807690e-17
3.738019137382503231e+03 3.749902538639718222e-17
3.742098217487331112e+03 3.780378850256376952e-17
3.746177297592158993e+03 3.831005943339317479e-17
3.750256377696986874e+03 3.293504973919095160e-17
3.754335457801814755e+03 4.075620124955743845e-17
3.758414537906642636e+03 4.699086004971662076e-17
3.762493618011470517e+03 3.744105656906946604e-17
3.766572698116298398e+03 2.965571205305917466e-17
3.770651778221126278e+03 3.512404095524718022e-17
3.774730858325954159e+03 3.412235832066996583e-17
3.778809938430782040e+03 4.289921776716796979e-17
3.782889018535609921e+03 3.797706298855892755e-17
3.786968098640437802e+03 3.029739906760841098e-17
3.791047178745265683e+03 3.755019477908971251e-17
3.795126258850093564e+03 4.144517321664265605e-17
3.799205338954921444e+03 4.009152523142412838e-17
3.803284419059749325e+03 4.210359244062261501e-17
3.807363499164577206e+03 4.644637337458726561e-17
3.811442579269405087e+03 6.622923483057282612e-17
3.815521659374232968e+03 9.808644176182758096e-17
3.819600739479060849e+03 1.328166719536056153e-16
3.823679819583888730e+03 1.304411415832513283e-16
3.827758899688716610e+03 7.975862739926974847e-17
3.831837979793544491e+03 3.712902749840221294e-17
3.835917059898372372e+03 4.435548247045737586e-17
3.839996140003200253e+03 3.717582606873801303e-17
3.844075220108028134e+03 3.707405307489193872e-17
3.848154300212856469e+03 4.225018208005681237e-17
3.852233380317684350e+03 5.209952089539921925e-17
3.856312460422512231e+03 4.278508007752545282e-17
3.860391540527340112e+03 3.859764366259826082e-17
3.864470620632167993e+03 4.651402682252675264e-17
3.868549700736995874e+03 3.511477653238658631e-17
3.872628780841823755e+03 4.513417044678009484e-17
3.876707860946651635e+03 4.865307618191947966e-17
3.880786941051479516e+03 5.446414571655760714e-17
3.884866021156307397e+03 6.103375310779666184e-17
3.888945101261135278e+03 4.781872225909439213e-17
3.893024181365963159e+03 4.610301070231650382e-17
3.897103261470791040e+03 4.128528251295860601e-17
3.901182341575618921e+03 3.924166994391979711e-17
3.905261421680446801e+03 5.331287904872875343e-17
3.909340501785274682e+03 4.699062843914510591e-17
3.913419581890102563e+03 5.281715963379307458e-17
3.917498661994930444e+03 5.038535451200558000e-17
3.921577742099758325e+03 4.760977312764104713e-17
3.925656822204586206e+03 4.244692202566887468e-17
3.929735902309414087e+03 3.549692074049628425e-17
3.933814982414241967e+03 4.080164655241110179e-17
3.937894062519069848e+03 4.122025949936703761e-17
3.941973142623897729e+03 4.288760746009017549e-17
3.946052222728725610e+03 5.205159074198544662e-17
3.950131302833553491e+03 5.067932457553957540e-17
3.954210382938381372e+03 4.891766148137314130e-17
3.958289463043209253e+03 5.814519208664718623e-17
3.962368543148037134e+03 5.621147542506972237e-17
3.966447623252865014e+03 5.853990944006769019e-17
3.970526703357692895e+03 5.059346984540147155e-17
3.974605783462520776e+03 4.580605286240996689e-17
3.978684863567348657e+03 4.811671903785029567e-17
3.982763943672176538e+03 4.584820929514811939e-17
3.986843023777004419e+03 4.405812427513436326e-17
3.990922103881832300e+03 4.934544289823861488e-17
3.995001183986660180e+03 4.686658774320910409e-17
3.999080264091488061e+03 4.814574645990600651e-17
4.003159344196315942e+03 5.087996881364288801e-17
4.007238424301143823e+03 5.614849720195238506e-17
4.011317504405971704e+03 5.290583670418120936e-17
4.015396584510799585e+03 5.911053171383127080e-17
4.019475664615627466e+03 5.602993244167148428e-17
4.023554744720455346e+03 5.499389203317126733e-17
4.027633824825283227e+03 5.342539877309311668e-17
4.031712904930111108e+03 5.364335424705593905e-17
4.035791985034938989e+03 5.699108984367850074e-17
4.039871065139766870e+03 5.415252361875173013e-17
4.043950145244594751e+03 6.121685780819140004e-17
4.048029225349422632e+03 5.557811977365012014e-17
4.052108305454250512e+03 5.477540385489396081e-17
4.056187385559078393e+03 6.000079642862004257e-17
4.060266465663906274e+03 5.455148606307585622e-17
4.064345545768734155e+03 4.717441473636458781e-17
4.068424625873562036e+03 5.224992880054096138e-17
4.072503705978389917e+03 4.874931368310634911e-17
4.076582786083217798e+03 5.150253141242989833e-17
4.080661866188045678e+03 5.245596294751566952e-17
4.084740946292873559e+03 6.560871040481514645e-17
4.088820026397701440e+03 6.524445315027129519e-17
4.092899106502529321e+03 6.663201223188204678e-17
4.096978186607357202e+03 6.232056159079845466e-17
4.101057266712185083e+03 6.057608400103842226e-17
4.105136346817012964e+03 6.189329964335766438e-17
4.109215426921840844e+03 6.308700729405538883e-17
4.113294507026668725e+03 6.090105348520845493e-17
4.117373587131496606e+03 5.942976387327263566e-17
4.121452667236324487e+03 6.424112938935877559e-17
4.125531747341152368e+03 6.225080710410308294e-17
4.129610827445980249e+03 6.092161388651407298e-17
4.133689907550808130e+03 6.426250373638714582e-17
4.137768987655636010e+03 6.369161676482754824e-17
4.141848067760463891e+03 6.325325074484384612e-17
4.145927147865291772e+03 6.328032271193148161e-17
4.150006227970119653e+03 6.021322302736856051e-17
4.154085308074947534e+03 6.480171299920841265e-17
4.158164388179775415e+03 6.513717775099051813e-17
4.162243468284603296e+03 5.957952326881413622e-17
4.166322548389431176e+03 6.437237979151378959e-17
4.170401628494259057e+03 6.400039336132624284e-17
4.174480708599086938e+03 6.152882401313209911e-17
4.178559788703914819e+03 5.987376795631149922e-17
4.182638868808742700e+03 6.527217362695917225e-17
4.186717948913570581e+03 6.069985669045595690e-17
4.190797029018398462e+03 5.934607304761697053e-17
4.194876109123226342e+03 6.221312075539516700e-17
4.198955189228054223e+03 5.596019118986591341e-17
4.203034269332883014e+03 5.027612696647917781e-17
4.207113349437710895e+03 6.286644785552424953e-17
4.211192429542538775e+03 5.544163166385642036e-17
4.215271509647366656e+03 5.887182062393826786e-17
4.219350589752194537e+03 6.177784508217996299e-17
4.223429669857022418e+03 6.448254039677115161e-17
4.227508749961850299e+03 6.715211031383088846e-17
4.231587830066678180e+03 6.960436334036069388e-17
4.235666910171506061e+03 7.139103375880583111e-17
4.239745990276333941e+03 6.557860764796311667e-17
4.243825070381161822e+03 6.818249280694124270e-17
4.247904150485989703e+03 6.998093565986423462e-17
4.251983230590817584e+03 6.389434880679694469e-17
4.256062310695645465e+03 6.930242256444413751e-17
4.260141390800473346e+03 6.997146609621172756e-17
4.264220470905301227e+03 7.284428421594309395e-17
4.268299551010129107e+03 6.627985828406107141e-17
4.272378631114956988e+03 6.488897062766540644e-17
4.276457711219784869e+03 6.875095117622238459e-17
4.280536791324612750e+03 6.483036653562724953e-17
4.284615871429440631e+03 6.799447134498548930e-17
4.288694951534268512e+03 6.781247837533402236e-17
4.292774031639096393e+03 6.697423339490748539e-17
4.296853111743924273e+03 6.748691993856785194e-17
4.300932191848752154e+03 6.718550855824332950e-17
4.305011271953580035e+03 6.902327888620954257e-17
4.309090352058407916e+03 6.966530339044870053e-17
4.313169432163235797e+03 6.520918216895203409e-17
4.317248512268063678e+03 6.862106396771685797e-17
4.321327592372891559e+03 7.074731518867216455e-17
4.325406672477719439e+03 6.146378114720582944e-17
4.329485752582547320e+03 6.410334756908704287e-17
4.333564832687375201e+03 6.125484194191983508e-17
4.337643912792203082e+03 6.107002994074078742e-17
4.341722992897030963e+03 6.529587069714759139e-17
4.345802073001858844e+03 6.139824859035692838e-17
4.349881153106686725e+03 6.128074923870499590e-17
4.353960233211514606e+03 6.228192233002487763e-17
4.358039313316342486e+03 5.577494905476833818e-17
4.362118393421170367e+03 5.921083232618700072e-17
4.366197473525998248e+03 5.204668390659178206e-17
4.370276553630826129e+03 5.492794257729363954e-17
4.374355633735654010e+03 5.571705964677942709e-17
4.378434713840481891e+03 5.740064350856575581e-17
4.382513793945309772e+03 5.973165832707488907e-17
4.386592874050137652e+03 5.883696654164773348e-17
4.390671954154965533e+03 5.500719971486602044e-17
4.394751034259793414e+03 5.833212828763927006e-17
4.398830114364621295e+03 5.944230393135893956e-17
4.402909194469449176e+03 5.536401896134179488e-17
4.406988274574277057e+03 5.788678748073052081e-17
4.411067354679104938e+03 5.978158694884858982e-17
4.415146434783932818e+03 6.261116006615568392e-17
4.419225514888760699e+03 6.105897219031217855e-17
4.423304594993588580e+03 6.430954053473936119e-17
4.427383675098416461e+03 6.193616745142261249e-17
4.431462755203244342e+03 5.865724335559711206e-17
4.435541835308072223e+03 6.611477288613018836e-17
4.439620915412900104e+03 6.496534917670610280e-17
4.443699995517727984e+03 6.103258843749418718e-17
4.447779075622555865e+03 6.832233927002190777e-17
4.451858155727383746e+03 6.570248621649905810e-17
4.455937235832211627e+03 6.342312717288263631e-17
4.460016315937039508e+03 6.559621666884314552e-17
4.464095396041867389e+03 6.966372843856239957e-17
4.468174476146695270e+03 6.838336534689361994e-17
4.472253556251523150e+03 6.640386258405012090e-17
4.476332636356351031e+03 7.002093811428729904e-17
4.480411716461178912e+03 7.086816296744371168e-17
4.484490796566006793e+03 6.589466343385227791e-17
4.488569876670834674e+03 6.946269046248751172e-17
4.492648956775662555e+03 6.972849337180285142e-17
4.496728036880490436e+03 6.837406121936362349e-17
4.500807116985318316e+03 6.733692231500993611e-17
4.504886197090146197e+03 6.814491895479663397e-17
4.508965277194974078e+03 7.107381330261419521e-17
4.513044357299801959e+03 6.838865268536905889e-17
4.517123437404629840e+03 7.410889117130396351e-17
4.521202517509457721e+03 7.061552215603531576e-17
4.525281597614285602e+03 6.993794212034617846e-17
4.529360677719113482e+03 7.175670052911347274e-17
4.533439757823941363e+03 6.781433125990614114e-17
4.537518837928769244e+03 6.840690359840442890e-17
4.541597918033598035e+03 6.483444288168591085e-17
4.545676998138425915e+03 6.093546419869066088e-17
4.549756078243253796e+03 6.779688105770372247e-17
4.553835158348081677e+03 6.569194462677268231e-17
4.557914238452909558e+03 6.233992423457709593e-17
4.561993318557737439e+03 6.358845741627483505e-17
4.566072398662565320e+03 6.232673566689055046e-17
4.570151478767393201e+03 6.431765352218728128e-17
4.574230558872221081e+03 6.020068296928225661e-17
4.578309638977048962e+03 5.974098892438448722e-17
4.582388719081876843e+03 5.865865948880580284e-17
4.586467799186704724e+03 6.463029470650782362e-17
4.590546879291532605e+03 6.326367322056201427e-17
4.594625959396360486e+03 6.556919764131471343e-17
4.598705039501188367e+03 6.373410076108827174e-17
4.602784119606016247e+03 6.692608486581199875e-17
4.606863199710844128e+03 6.051338371060690276e-17
4.610942279815672009e+03 7.000816644562948029e-17
4.615021359920499890e+03 6.662413747245054195e-17
4.619100440025327771e+03 6.357634087466215831e-17
4.623179520130155652e+03 6.790790193079813963e-17
4.627258600234983533e+03 6.317921477129789993e-17
4.631337680339811413e+03 7.037552728183163052e-17
4.635416760444639294e+03 6.654752731283833074e-17
4.639495840549467175e+03 7.193422010601225290e-17
4.643574920654295056e+03 6.779995155213751931e-17
4.647654000759122937e+03 7.594744235776842664e-17
4.651733080863950818e+03 6.708677628032900012e-17
4.655812160968778699e+03 7.313392977923466212e-17
4.659891241073606579e+03 7.619084521609583035e-17
4.663970321178434460e+03 7.122369842960880383e-17
4.668049401283262341e+03 7.058642525080815046e-17
4.672128481388090222e+03 7.052752999119437489e-17
4.676207561492918103e+03 7.180755559317323288e-17
4.680286641597745984e+03 7.773505907083432453e-17
4.684365721702573865e+03 7.555347939306657104e-17
4.688444801807401745e+03 7.588186347880522260e-17
4.692523881912229626e+03 7.538646170122476411e-17
4.696602962017057507e+03 7.661166838964850786e-17
4.700682042121885388e+03 8.284633380725259059e-17
4.704761122226713269e+03 7.755061102912480021e-17
4.708840202331541150e+03 7.751001962210559803e-17
4.712919282436369031e+03 8.005536686349457140e-17
4.716998362541196911e+03 7.973819272941723847e-17
4.721077442646024792e+03 8.150713501297413921e-17
4.725156522750852673e+03 7.929702091279575648e-17
4.729235602855680554e+03 8.152331466575567643e-17
4.733314682960508435e+03 8.129412607907438395e-17
4.737393763065336316e+03 7.631181872632048554e-17
4.741472843170164197e+03 8.123237870070852554e-17
4.745551923274992077e+03 8.079574645128873456e-17
4.749631003379819958e+03 8.618288261327098515e-17
4.753710083484647839e+03 7.652471516365693359e-17
4.757789163589475720e+03 6.999346248306073767e-17
4.761868243694303601e+03 8.056647183782373657e-17
4.765947323799131482e+03 7.765840258910781035e-17
4.770026403903959363e+03 7.908723467456250781e-17
4.774105484008787244e+03 7.991662551371227718e-17
4.778184564113615124e+03 8.017644625283763338e-17
4.782263644218443005e+03 7.891776191066264350e-17
4.786342724323270886e+03 7.990790372133351805e-17
4.790421804428098767e+03 7.641798239485799132e-17
4.794500884532926648e+03 7.793445592057390717e-17
4.798579964637754529e+03 7.495235069831203477e-17
4.802659044742582410e+03 7.475665961771668969e-17
4.806738124847410290e+03 7.227182890994209583e-17
4.810817204952238171e+03 7.546567251668284204e-17
4.814896285057066052e+03 6.966382108279100551e-17
4.818975365161893933e+03 6.780481537413933111e-17
4.823054445266721814e+03 7.175169774076875203e-17
4.827133525371549695e+03 6.564664159898437809e-17
4.831212605476377576e+03 6.562996563783530905e-17
4.835291685581205456e+03 6.223764500619613916e-17
4.839370765686033337e+03 6.025386737394696607e-17
4.843449845790861218e+03 6.418595313377903843e-17
4.847528925895689099e+03 6.118621903830243590e-17
4.851608006000516980e+03 5.511590779096773934e-17
4.855687086105344861e+03 5.745572050247198660e-17
4.859766166210172742e+03 6.151484135205750273e-17
4.863845246315000622e+03 5.623644304467902296e-17
4.867924326419828503e+03 5.169370277815825367e-17
4.872003406524656384e+03 5.094901523373391433e-17
4.876082486629484265e+03 5.316886359536082110e-17
4.880161566734312146e+03 5.025066303850234540e-17
4.884240646839140027e+03 5.083472865158113782e-17
4.888319726943967908e+03 5.031706248063320204e-17
4.892398807048795788e+03 5.212610978900912378e-17
4.896477887153623669e+03 5.111339918250535242e-17
4.900556967258451550e+03 5.063260872326503061e-17
4.904636047363279431e+03 5.160605802917458506e-17
4.908715127468107312e+03 4.865674224639431468e-17
4.912794207572935193e+03 5.014379461208294444e-17
4.916873287677763074e+03 5.285651688733834764e-17
4.920952367782590954e+03 5.360451315421289908e-17
4.925031447887418835e+03 5.776762053296368143e-17
4.929110527992246716e+03 5.301657633586735849e-17
4.933189608097074597e+03 6.007843890963671996e-17
4.937268688201902478e+03 5.711766832973381525e-17
4.941347768306730359e+03 6.140998132016538052e-17
4.945426848411558240e+03 5.904006254308665326e-17
4.949505928516386120e+03 6.124422094285465420e-17
4.953585008621214001e+03 5.802041354560478711e-17
4.957664088726041882e+03 6.342136693253912346e-17
4.961743168830869763e+03 6.298022820314214359e-17
4.965822248935697644e+03 5.858157287316076108e-17
4.969901329040525525e+03 5.639894763909874056e-17
4.973980409145353406e+03 6.661642153169664731e-17
4.978059489250181286e+03 8.221920517148428756e-17
4.982138569355009167e+03 8.264816780226448686e-17
4.986217649459837048e+03 8.810730176476335297e-17
4.990296729564664929e+03 7.657111006985380781e-17
4.994375809669492810e+03 6.674985569066880131e-17
4.998454889774320691e+03 6.601363185827210456e-17
5.002533969879148572e+03 6.809389845461436322e-17
5.006613049983976452e+03 7.301232099429956620e-17
5.010692130088804333e+03 7.198466488848818674e-17
5.014771210193632214e+03 7.492681397844129770e-17
5.018850290298460095e+03 7.207482757525646676e-17
5.022929370403287976e+03 6.767146062450598220e-17
5.027008450508115857e+03 7.003355758171240803e-17
5.031087530612943738e+03 6.816603522147388766e-17
5.035166610717771619e+03 7.325914507164048924e-17
5.039245690822599499e+03 6.450603894361255802e-17
5.043324770927427380e+03 7.055766583527090679e-17
5.047403851032255261e+03 7.030049869155062070e-17
5.051482931137083142e+03 6.983898484930523465e-17
5.055562011241911023e+03 6.925166676205788373e-17
5.059641091346738904e+03 6.892814649832104397e-17
5.063720171451567694e+03 6.372364519814560147e-17
5.067799251556395575e+03 7.240254991650507590e-17
5.071878331661223456e+03 7.008550452418073817e-17
5.075957411766051337e+03 7.908912064635912871e-17
5.080036491870879217e+03 9.342878625588849485e-17
5.084115571975707098e+03 8.981081737058975944e-17
5.088194652080534979e+03 8.994155822948744078e-17
5.092273732185362860e+03 7.584374699617877909e-17
5.096352812290190741e+03 7.279061012035575309e-17
5.100431892395018622e+03 7.424782442698837004e-17
5.104510972499846503e+03 7.184413021113787755e-17
5.108590052604674383e+03 7.274794745308271813e-17
5.112669132709502264e+03 7.548702701137651101e-17
5.116748212814330145e+03 7.286155574713320117e-17
5.120827292919158026e+03 7.471830490707383090e-17
5.124906373023985907e+03 1.049872059482185650e-16
5.128985453128813788e+03 1.369260787669894551e-16
5.133064533233641669e+03 1.421054470114330864e-16
5.137143613338469549e+03 1.215074453838908201e-16
5.141222693443297430e+03 9.104917953947554653e-17
5.145301773548125311e+03 7.550736903700041506e-17
5.149380853652953192e+03 7.586645806707703501e-17
5.153459933757781073e+03 7.498601364052049278e-17
5.157539013862608954e+03 7.405037310604951212e-17
5.161618093967436835e+03 7.702524546103522085e-17
5.165697174072264716e+03 7.337632016849230093e-17
5.169776254177092596e+03 7.569215456839986102e-17
5.173855334281920477e+03 7.448920896462114436e-17
5.177934414386748358e+03 7.446627951804117443e-17
5.182013494491576239e+03 7.554936995978340760e-17
5.186092574596404120e+03 7.099386133332726977e-17
5.190171654701232001e+03 6.435935665994975473e-17
5.194250734806059882e+03 6.637291279425083681e-17
5.198329814910887762e+03 6.078448057584258184e-17
5.202408895015715643e+03 6.395761158004500025e-17
5.206487975120543524e+03 6.102681140809611683e-17
5.210567055225371405e+03 6.433167588793128021e-17
5.214646135330199286e+03 6.106970568594066663e-17
5.218725215435027167e+03 6.305114736013998997e-17
5.222804295539855048e+03 6.506620565443346836e-17
5.226883375644682928e+03 6.028492966030955737e-17
5.230962455749510809e+03 6.284220815485399561e-17
5.235041535854338690e+03 6.646359825916625034e-17
5.239120615959166571e+03 6.141955014549139395e-17
5.243199696063994452e+03 6.660597258619887747e-17
5.247278776168822333e+03 6.502413855720147158e-17
5.251357856273650214e+03 6.500654277121124358e-17
5.255436936378478094e+03 6.657446031358305732e-17
5.259516016483305975e+03 6.750069745885053517e-17
5.263595096588133856e+03 6.774542380615802373e-17
5.267674176692961737e+03 6.927628365708746183e-17
5.271753256797789618e+03 6.848303068453890914e-17
5.275832336902617499e+03 6.505726548637299524e-17
5.279911417007445380e+03 7.208185530174071728e-17
5.283990497112273260e+03 7.502072875646811825e-17
5.288069577217101141e+03 7.003213483105881682e-17
5.292148657321929022e+03 7.296161151402761539e-17
5.296227737426756903e+03 7.226916207964722487e-17
5.300306817531584784e+03 7.173997824585010073e-17
5.304385897636412665e+03 7.247712190308795645e-17
5.308464977741240546e+03 7.216130434521521048e-17
5.312544057846068426e+03 7.407945677638687657e-17
5.316623137950896307e+03 7.164969644507361308e-17
5.320702218055724188e+03 7.149281667881925606e-17
5.324781298160552069e+03 7.187815711281585890e-17
5.328860378265379950e+03 7.627203464757913512e-17
5.332939458370207831e+03 7.632877923760027282e-17
5.337018538475035712e+03 8.003632185707115049e-17
5.341097618579863592e+03 8.022841304764066479e-17
5.345176698684691473e+03 8.067953088394748439e-17
5.349255778789519354e+03 7.944715750269658121e-17
5.353334858894347235e+03 7.919887097003266443e-17
5.357413938999175116e+03 7.356996645861341492e-17
5.361493019104002997e+03 7.800653313042932779e-17
5.365572099208830878e+03 7.814432156814596093e-17
5.369651179313658758e+03 7.086220064958842946e-17
5.373730259418486639e+03 7.359390837426314975e-17
5.377809339523315430e+03 7.559501709470653388e-17
5.381888419628143311e+03 7.305033159780760293e-17
5.385967499732971191e+03 7.471359990374962928e-17
5.390046579837799072e+03 7.329671230634019754e-17
5.394125659942626953e+03 7.174352519631672811e-17
5.398204740047454834e+03 7.545343686106195766e-17
5.402283820152282715e+03 7.980299074988219245e-17
5.406362900257110596e+03 7.859748419492701161e-17
5.410441980361938477e+03 8.111969023149920147e-17
5.414521060466766357e+03 7.751581650383836965e-17
5.418600140571594238e+03 8.398942462190697017e-17
5.422679220676422119e+03 7.425345587259863105e-17
5.426758300781250000e+03 7.643101876131182704e-17
5.430837380886077881e+03 7.583299364821558973e-17
5.434916460990905762e+03 7.869512459443277100e-17
5.438995541095733643e+03 7.411809603716045360e-17
5.443074621200561523e+03 7.937699273441738319e-17
5.447153701305389404e+03 7.132656661058589835e-17
5.451232781410217285e+03 7.242559185964835304e-17
5.455311861515045166e+03 7.409790621276925930e-17
5.459390941619873047e+03 7.425381321462325396e-17
5.463470021724700928e+03 7.225571543160956285e-17
5.467549101829528809e+03 7.025211855188361922e-17
5.471628181934356689e+03 7.122897915063934235e-17
5.475707262039184570e+03 7.409605994564204094e-17
5.479786342144012451e+03 7.540439497690491375e-17
5.483865422248840332e+03 7.369254800794887319e-17
5.487944502353668213e+03 7.088300589635536321e-17
5.492023582458496094e+03 7.140190622077722811e-17
5.496102662563323975e+03 7.473509998223110758e-17
5.500181742668151855e+03 7.246615017944305309e-17
5.504260822772979736e+03 7.187836887105267247e-17
5.508339902877807617e+03 7.165322354320553919e-17
5.512418982982635498e+03 6.719685747624755704e-17
5.516498063087463379e+03 7.240119334030048893e-17
5.520577143192291260e+03 7.120248951870294420e-17
5.524656223297119141e+03 6.470011536765219958e-17
5.528735303401947021e+03 7.092125472787981521e-17
5.532814383506774902e+03 7.416682028396227714e-17
5.536893463611602783e+03 7.250310860921192237e-17
5.540972543716430664e+03 6.942230419626022270e-17
5.545051623821258545e+03 6.410097852381269100e-17
5.549130703926086426e+03 6.844516566481868174e-17
5.553209784030914307e+03 7.015714498267273079e-17
5.557288864135742188e+03 6.997771296419772803e-17
5.561367944240570068e+03 7.048480114947233569e-17
5.565447024345397949e+03 7.015915006847755933e-17
5.569526104450225830e+03 6.895703826275629612e-17
5.573605184555053711e+03 7.268433395525494009e-17
5.577684264659881592e+03 7.855429874950684314e-17
5.581763344764709473e+03 7.191453982487839127e-17
5.585842424869537354e+03 7.218711899777176537e-17
5.589921504974365234e+03 6.884423067953876442e-17
5.594000585079193115e+03 7.037790956199578324e-17
5.598079665184020996e+03 7.001423464260316930e-17
5.602158745288848877e+03 6.741110387234369164e-17
5.606237825393676758e+03 6.789446190020537804e-17
5.610316905498504639e+03 6.869835572415381288e-17
5.614395985603332520e+03 7.212326065448267163e-17
5.618475065708160400e+03 6.612481816748903233e-17
5.622554145812988281e+03 6.987837849879746004e-17
5.626633225917816162e+03 6.647341854739847989e-17
5.630712306022644043e+03 6.851790461916414479e-17
5.634791386127471924e+03 6.732132499737963622e-17
5.638870466232299805e+03 6.827390619079570289e-17
5.642949546337127686e+03 7.016796450508492439e-17
5.647028626441955566e+03 6.589788612951878450e-17
5.651107706546783447e+03 6.573875643199828325e-17
5.655186786651611328e+03 6.913506076546750852e-17
5.659265866756439209e+03 6.575175971122761685e-17
5.663344946861267090e+03 5.868510279862789803e-17
5.667424026966094971e+03 6.702983316696084970e-17
5.671503107070922852e+03 7.124581393046602157e-17
5.675582187175750732e+03 6.558052008953933927e-17
5.679661267280578613e+03 6.703212280289639648e-17
5.683740347385406494e+03 6.656014016281853931e-17
5.687819427490234375e+03 6.554651965764095962e-17
5.691898507595062256e+03 6.650377938460162622e-17
5.695977587699890137e+03 6.289014492571266867e-17
5.700056667804718018e+03 6.060736466308272756e-17
5.704135747909545898e+03 6.310809047350814040e-17
5.708214828014373779e+03 6.014305825908936249e-17
5.712293908119201660e+03 5.938332264496145848e-17
5.716372988224029541e+03 6.160653266859778075e-17
5.720452068328857422e+03 6.220238064232177849e-17
5.724531148433685303e+03 5.792909942342383328e-17
5.728610228538513184e+03 5.733853878817527449e-17
5.732689308643341064e+03 5.811719367727349135e-17
5.736768388748168945e+03 5.605155825160607064e-17
5.740847468852996826e+03 5.713597218232838865e-17
5.744926548957824707e+03 4.911491097024253628e-17
5.749005629062652588e+03 5.144242185167689492e-17
5.753084709167480469e+03 5.181126168681428996e-17
5.757163789272308350e+03 5.431356906657090419e-17
5.761242869377136230e+03 5.516040679920064201e-17
5.765321949481964111e+03 5.392447654131576082e-17
5.769401029586791992e+03 5.379638596910069938e-17
5.773480109691619873e+03 4.966512835265565881e-17
5.777559189796447754e+03 5.393320495113942037e-17
5.781638269901275635e+03 5.295475285688514520e-17
5.785717350006103516e+03 5.018846567388325814e-17
5.789796430110931396e+03 5.219640359746388007e-17
5.793875510215759277e+03 5.315812017356498238e-17
5.797954590320587158e+03 4.897580235226826851e-17
5.802033670425415039e+03 5.029641936126632868e-17
5.806112750530242920e+03 5.262383428974963116e-17
5.810191830635070801e+03 4.782699406521992241e-17
5.814270910739898682e+03 5.221471737622580410e-17
5.818349990844726562e+03 4.911743221674959791e-17
5.822429070949554443e+03 5.123065368869596920e-17
5.826508151054382324e+03 5.101090157844268165e-17
5.830587231159210205e+03 5.118725648503898715e-17
5.834666311264038086e+03 5.018031959921083593e-17
5.838745391368865967e+03 4.788520441928650407e-17
5.842824471473693848e+03 4.878919040607630547e-17
5.846903551578521729e+03 4.440744926526040727e-17
5.850982631683349609e+03 4.412186681313769957e-17
5.855061711788177490e+03 4.237250224031870389e-17
5.859140791893005371e+03 4.434724706027879792e-17
5.863219871997833252e+03 4.753212733790191952e-17
5.867298952102661133e+03 4.048755945637981675e-17
5.871378032207489014e+03 4.017679431768854468e-17
5.875457112312316895e+03 4.477231201601264735e-17
5.879536192417144775e+03 3.976359444066115587e-17
5.883615272521972656e+03 4.187649496652985658e-17
5.887694352626800537e+03 3.915156019671072048e-17
5.891773432731628418e+03 3.779169512200824426e-17
5.895852512836456299e+03 4.015330238829203870e-17
5.899931592941284180e+03 3.464346556296612220e-17
5.904010673046112061e+03 3.928214223693079165e-17
5.908089753150939941e+03 3.257955729041771221e-17
5.912168833255767822e+03 4.111057865886495635e-17
5.916247913360595703e+03 4.085669376781528067e-17
5.920326993465423584e+03 3.798741598110564124e-17
5.924406073570251465e+03 3.596035695048524353e-17
5.928485153675079346e+03 3.772697320215964516e-17
5.932564233779907227e+03 3.762239441167579098e-17
5.936643313884735107e+03 3.408838766727363809e-17
5.940722393989562988e+03 3.787195811120548964e-17
5.944801474094390869e+03 3.857703363045588958e-17
5.948880554199218750e+03 3.993095623963778486e-17
5.952959634304047540e+03 4.069890079416466511e-17
5.957038714408875421e+03 4.421143723858739162e-17
5.961117794513703302e+03 4.318092901402392932e-17
5.965196874618531183e+03 4.681832671755031025e-17
5.969275954723359064e+03 5.072548125372003435e-17
5.973355034828186945e+03 4.630407845689344358e-17
5.977434114933014826e+03 4.935492569678092279e-17
5.981513195037842706e+03 5.128177345055174631e-17
5.985592275142670587e+03 4.984906354238540025e-17
5.989671355247498468e+03 4.657368639702652721e-17
5.993750435352326349e+03 4.604990239826814923e-17
5.997829515457154230e+03 5.079188731329579141e-17
6.001908595561982111e+03 5.007393755499161615e-17
6.005987675666809992e+03 4.462854802555093114e-17
6.010066755771637872e+03 4.734835427557223847e-17
6.014145835876465753e+03 4.970877371049640676e-17
6.018224915981293634e+03 5.097643792540127231e-17
6.022303996086121515e+03 4.603534071076476573e-17
6.026383076190949396e+03 5.021329763587210004e-17
6.030462156295777277e+03 5.080289543288764710e-17
6.034541236400605158e+03 4.951521344715899828e-17
6.038620316505433038e+03 4.818622206163945126e-17
6.042699396610260919e+03 4.811407536861257619e-17
6.046778476715088800e+03 4.856441234642114573e-17
6.050857556819916681e+03 4.941043282460568116e-17
6.054936636924744562e+03 5.189018464341919943e-17
6.059015717029572443e+03 5.195190224328300594e-17
6.063094797134400324e+03 5.007899990034044067e-17
6.067173877239228204e+03 5.019660513111077994e-17
6.071252957344056085e+03 5.718288986667239638e-17
6.075332037448883966e+03 5.559762800121657075e-17
6.079411117553711847e+03 5.312988022745242201e-17
6.083490197658539728e+03 5.030079349234550909e-17
6.087569277763367609e+03 5.197344533515633699e-17
6.091648357868195490e+03 4.482883823035207105e-17
6.095727437973023370e+03 5.183983912261677196e-17
6.099806518077851251e+03 5.365551711078291877e-17
6.103885598182679132e+03 5.056336047110454135e-17
6.107964678287507013e+03 5.319487346254193850e-17
6.112043758392334894e+03 5.011015483093163791e-17
6.116122838497162775e+03 4.465811476936602656e-17
6.120201918601990656e+03 4.802227486423144118e-17
6.124280998706818536e+03 5.000391175305532703e-17
6.128360078811646417e+03 4.546458608810317664e-17
6.132439158916474298e+03 4.583905075140593227e-17
6.136518239021302179e+03 4.535674489728341331e-17
6.140597319126130060e+03 4.502829132837330730e-17
6.144676399230957941e+03 4.542492112337003386e-17
6.148755479335785822e+03 4.091523830284933376e-17
6.152834559440613702e+03 4.138429603228120342e-17
6.156913639545441583e+03 4.238308684343693243e-17
6.160992719650270374e+03 4.561437526214672910e-17
6.165071799755098255e+03 4.542552992830087288e-17
6.169150879859926135e+03 4.410322216213075433e-17
6.173229959964754016e+03 4.336153232024630717e-17
6.177309040069581897e+03 4.326926197727724204e-17
6.181388120174409778e+03 4.300949748643353944e-17
6.185467200279237659e+03 4.470064839646350325e-17
6.189546280384065540e+03 4.527468196307325254e-17
6.193625360488893421e+03 4.118760240878344408e-17
6.197704440593721301e+03 4.237055671151797917e-17
6.201783520698549182e+03 4.076189556089425349e-17
6.205862600803377063e+03 4.720281019243230815e-17
6.209941680908204944e+03 4.663108280537035669e-17
6.214020761013032825e+03 4.861046314548319789e-17
6.218099841117860706e+03 3.927854565562741108e-17
6.222178921222688587e+03 3.567560167897508886e-17
6.226258001327516467e+03 3.972221555769880322e-17
6.230337081432344348e+03 4.342941076131240862e-17
6.234416161537172229e+03 4.355132394871292405e-17
6.238495241642000110e+03 4.454367929470299050e-17
6.242574321746827991e+03 4.196185007957797840e-17
6.246653401851655872e+03 4.134763207881040302e-17
6.250732481956483753e+03 4.680167060873594248e-17
6.254811562061311633e+03 4.376580857282547391e-17
6.258890642166139514e+03 4.224584765364703450e-17
6.262969722270967395e+03 4.619246201375798824e-17
6.267048802375795276e+03 4.290311875093676987e-17
6.271127882480623157e+03 3.938855736837451355e-17
6.275206962585451038e+03 4.092831106525012181e-17
6.279286042690278919e+03 3.907720327708710372e-17
6.283365122795106799e+03 3.909169548141903277e-17
6.287444202899934680e+03 4.068534495828614610e-17
6.291523283004762561e+03 4.362385114482157352e-17
6.295602363109590442e+03 4.343584622647807118e-17
6.299681443214418323e+03 4.355648886445770516e-17
6.303760523319246204e+03 4.633937590799230637e-17
6.307839603424074085e+03 4.212728951081103415e-17
6.311918683528901965e+03 4.615300880726165903e-17
6.315997763633729846e+03 4.662252644911410817e-17
6.320076843738557727e+03 4.779911807857688537e-17
6.324155923843385608e+03 4.724272992879411726e-17
6.328235003948213489e+03 4.650596346591558572e-17
6.332314084053041370e+03 4.958154671484085068e-17
6.336393164157869251e+03 4.831705887348818876e-17
6.340472244262697131e+03 4.418061318024121560e-17
6.344551324367525012e+03 4.206337491924028681e-17
6.348630404472352893e+03 4.851605205908884552e-17
6.352709484577180774e+03 5.095358457943765726e-17
6.356788564682008655e+03 4.880170399438300767e-17
6.360867644786836536e+03 5.455835497088249656e-17
6.364946724891664417e+03 5.339612650557609014e-17
6.369025804996492298e+03 5.805403016569894215e-17
6.373104885101320178e+03 5.665498981718595454e-17
6.377183965206148059e+03 6.013169610619533410e-17
6.381263045310975940e+03 5.753231080974949654e-17
6.385342125415803821e+03 5.716593597283750952e-17
6.389421205520631702e+03 6.261398571512816506e-17
6.393500285625459583e+03 6.167488425697426253e-17
6.397579365730287464e+03 6.186142341127232091e-17
6.401658445835115344e+03 6.443497420282690230e-17
6.405737525939943225e+03 6.752757752003605836e-17
6.409816606044771106e+03 6.855644461826421545e-17
6.413895686149598987e+03 6.708216392123340444e-17
6.417974766254426868e+03 6.765791471479481382e-17
6.422053846359254749e+03 6.165398636597872284e-17
6.426132926464082630e+03 6.289445288234284484e-17
6.430212006568910510e+03 6.404126931847616325e-17
6.434291086673738391e+03 6.476519132080297138e-17
6.438370166778566272e+03 6.858044609091805410e-17
6.442449246883394153e+03 7.227366194217951334e-17
6.446528326988222034e+03 7.046178567610866025e-17
6.450607407093049915e+03 7.099335179006993710e-17
6.454686487197877796e+03 7.792720981840794265e-17
6.458765567302705676e+03 7.472982587864546947e-17
6.462844647407533557e+03 7.429812362567649454e-17
6.466923727512361438e+03 8.137656620764386890e-17
6.471002807617189319e+03 7.651821683276471700e-17
6.475081887722017200e+03 7.756378636192154483e-17
6.479160967826845081e+03 7.468751393595215700e-17
6.483240047931672962e+03 6.905307062315125242e-17
6.487319128036500842e+03 6.493697357297308374e-17
6.491398208141328723e+03 6.511553208872123051e-17
6.495477288246156604e+03 5.778321785059398132e-17
6.499556368350984485e+03 5.106970419382785128e-17
6.503635448455812366e+03 5.291060126450951480e-17
6.507714528560640247e+03 4.949790552002193873e-17
6.511793608665468128e+03 4.752723042867560560e-17
6.515872688770296008e+03 4.796363106752388173e-17
6.519951768875123889e+03 4.418326015820138529e-17
6.524030848979951770e+03 4.311243515058208841e-17
6.528109929084779651e+03 4.233234096721802929e-17
6.532189009189607532e+03 3.967724671087797042e-17
6.536268089294435413e+03 4.015075798072782558e-17
6.540347169399263294e+03 3.869041031393485777e-17
6.544426249504091174e+03 3.602577039332593696e-17
6.548505329608919055e+03 3.846361724230751885e-17
6.552584409713746936e+03 3.928885894350472223e-17
6.556663489818574817e+03 3.808707139258357981e-17
6.560742569923402698e+03 3.404690952263777907e-17
6.564821650028230579e+03 3.376584678538206111e-17
6.568900730133058460e+03 3.581470367950445621e-17
6.572979810237886340e+03 3.551407977512308425e-17
6.577058890342714221e+03 3.913555259749659429e-17
6.581137970447542102e+03 4.103943781746294576e-17
6.585217050552369983e+03 3.896125902498677094e-17
6.589296130657197864e+03 4.846458819009824635e-17
6.593375210762025745e+03 5.102887125006978363e-17
6.597454290866853626e+03 4.923166255062072082e-17
6.601533370971681506e+03 5.502986446364997340e-17
6.605612451076509387e+03 5.819259946191382535e-17
6.609691531181337268e+03 6.573639400416883181e-17
6.613770611286165149e+03 7.380650702657907871e-17
6.617849691390993030e+03 7.862063201718869554e-17
6.621928771495820911e+03 8.914321644181046186e-17
6.626007851600648792e+03 1.051074449220592731e-16
6.630086931705476673e+03 1.160017047569582662e-16
6.634166011810304553e+03 1.234708545207364875e-16
6.638245091915132434e+03 1.376685560848170528e-16
6.642324172019960315e+03 1.573800450888290878e-16
6.646403252124788196e+03 1.647969567425633603e-16
6.650482332229616077e+03 1.739295336309612180e-16
6.654561412334443958e+03 1.887834739709270526e-16
6.658640492439271839e+03 1.913596849753316045e-16
6.662719572544099719e+03 1.980528334454166790e-16
6.666798652648927600e+03 1.979459484753850270e-16
6.670877732753755481e+03 1.995664813221601137e-16
6.674956812858583362e+03 1.951424547084305047e-16
6.679035892963411243e+03 1.919975537241732960e-16
6.683114973068239124e+03 1.947467447382749371e-16
6.687194053173067005e+03 1.881606797615685274e-16
6.691273133277894885e+03 1.843052901881323717e-16
6.695352213382722766e+03 1.801716105868537759e-16
6.699431293487550647e+03 1.756644026907258345e-16
6.703510373592378528e+03 1.782795772107040842e-16
6.707589453697206409e+03 1.822103791862254743e-16
6.711668533802034290e+03 1.832473063323423481e-16
6.715747613906862171e+03 1.888942102938907515e-16
6.719826694011690051e+03 2.114248499394917125e-16
6.723905774116517932e+03 2.298896652638230276e-16
6.727984854221345813e+03 2.361992401576999126e-16
6.732063934326173694e+03 2.336167690504195593e-16
6.736143014431001575e+03 2.102083518085569270e-16
6.740222094535829456e+03 1.855288028106616069e-16
6.744301174640657337e+03 1.883229262756371284e-16
6.748380254745485217e+03 1.903729974708987514e-16
6.752459334850313098e+03 1.908652162574821058e-16
6.756538414955140979e+03 1.938123085787758337e-16
6.760617495059968860e+03 1.807385667961425215e-16
6.764696575164796741e+03 1.772658905310775003e-16
6.768775655269624622e+03 1.650713689476941519e-16
6.772854735374452503e+03 1.586814053331669135e-16
6.776933815479280383e+03 1.552133480446423884e-16
6.781012895584108264e+03 1.562611675050653605e-16
6.785091975688937055e+03 1.541295296839611086e-16
6.789171055793764936e+03 1.428045271256037020e-16
6.793250135898592816e+03 1.379565075822141123e-16
6.797329216003420697e+03 1.334017070223623199e-16
6.801408296108248578e+03 1.274107753353306621e-16
6.805487376213076459e+03 1.243950998150889376e-16
6.809566456317904340e+03 1.167543597050427163e-16
6.813645536422732221e+03 1.169200869951289405e-16
6.817724616527560102e+03 1.105784571981544007e-16
6.821803696632387982e+03 1.055679462952348942e-16
6.825882776737215863e+03 1.049690476794118009e-16
6.829961856842043744e+03 1.033859828056629161e-16
6.834040936946871625e+03 9.669046529030348976e-17
6.838120017051699506e+03 8.866300831772137739e-17
6.842199097156527387e+03 8.305482964373025654e-17
6.846278177261355268e+03 8.050226938739982077e-17
6.850357257366183148e+03 7.971855877039767981e-17
6.854436337471011029e+03 7.529077344796462987e-17
6.858515417575838910e+03 7.232857349996323353e-17
6.862594497680666791e+03 7.121693540092057027e-17
6.866673577785494672e+03 6.351514274422303511e-17
6.870752657890322553e+03 5.654698649896613082e-17
6.874831737995150434e+03 5.202039610672484684e-17
6.878910818099978314e+03 5.626015334975724294e-17
6.882989898204806195e+03 6.272130743652324508e-17
6.887068978309634076e+03 6.332829257001465679e-17
6.891148058414461957e+03 6.188076620271626090e-17
6.895227138519289838e+03 5.943415123924161692e-17
6.899306218624117719e+03 5.662656127389373208e-17
6.903385298728945600e+03 5.508997733312542703e-17
6.907464378833773480e+03 5.182629321290560358e-17
6.911543458938601361e+03 5.457996092848238165e-17
6.915622539043429242e+03 4.747501217096635807e-17
6.919701619148257123e+03 5.215922679201329679e-17
6.923780699253085004e+03 5.070551642245545447e-17
6.927859779357912885e+03 4.690802287445311036e-17
6.931938859462740766e+03 4.722042583075723742e-17
6.936017939567568646e+03 5.428325455148206083e-17
6.940097019672396527e+03 5.059472385121010194e-17
6.944176099777224408e+03 4.579943541750954267e-17
6.948255179882052289e+03 4.776193134695895146e-17
6.952334259986880170e+03 4.355873217827894897e-17
6.956413340091708051e+03 4.634301219396508948e-17
6.960492420196535932e+03 4.618271120869721314e-17
6.964571500301363812e+03 4.194472744089813073e-17
6.968650580406191693e+03 4.423413176587339649e-17
6.972729660511019574e+03 4.708853353644688227e-17
6.976808740615847455e+03 4.333078436251648602e-17
6.980887820720675336e+03 3.945636301754671033e-17
6.984966900825503217e+03 4.131817783155861481e-17
6.989045980930331098e+03 4.043951018895783648e-17
6.993125061035159888e+03 4.123767992306740437e-17
6.997204141139987769e+03 4.180622762785470199e-17
7.001283221244815650e+03 4.047703110154324182e-17
7.005362301349643531e+03 4.258678503236179081e-17
7.009441381454471411e+03 4.109823712412566518e-17
7.013520461559299292e+03 4.230329038410516696e-17
7.017599541664127173e+03 3.865598636556285097e-17
7.021678621768955054e+03 3.896015722041085030e-17
7.025757701873782935e+03 3.629913373344001134e-17
7.029836781978610816e+03 3.939389764640915590e-17
7.033915862083438697e+03 4.034731594660512623e-17
7.037994942188266577e+03 3.893898139672949280e-17
7.042074022293094458e+03 3.936533344549647474e-17
7.046153102397922339e+03 3.887323377292132794e-17
7.050232182502750220e+03 4.000190517513768315e-17
7.054311262607578101e+03 4.080346965848116866e-17
7.058390342712405982e+03 3.563532460058865684e-17
7.062469422817233863e+03 3.204167813402143065e-17
7.066548502922061743e+03 3.582636030869655347e-17
7.070627583026889624e+03 4.252340645382797783e-17
7.074706663131717505e+03 3.421546577041893462e-17
7.078785743236545386e+03 3.745918505937417819e-17
7.082864823341373267e+03 3.093810008286748410e-17
7.086943903446201148e+03 3.443983685721271827e-17
7.091022983551029029e+03 3.614134737723429620e-17
7.095102063655856909e+03 3.613230133005541629e-17
7.099181143760684790e+03 4.090469340440050776e-17
7.103260223865512671e+03 3.889461804611704882e-17
7.107339303970340552e+03 3.558890322461218093e-17
7.111418384075168433e+03 4.055467689128236942e-17
7.115497464179996314e+03 3.898777512670277079e-17
7.119576544284824195e+03 3.662890748260775198e-17
7.123655624389652075e+03 3.550004748321173469e-17
7.127734704494479956e+03 3.413171538775916568e-17
7.131813784599307837e+03 3.922804131614737342e-17
7.135892864704135718e+03 4.070306316700703195e-17
7.139971944808963599e+03 4.037458312831732424e-17
7.144051024913791480e+03 4.097601622553728002e-17
7.148130105018619361e+03 3.865121518778964510e-17
7.152209185123447241e+03 3.444409849172859147e-17
7.156288265228275122e+03 3.968983970852347771e-17
7.160367345333103003e+03 4.350642789378599592e-17
7.164446425437930884e+03 3.784561075433445060e-17
7.168525505542758765e+03 3.596670308014475036e-17
7.172604585647586646e+03 3.560407702576885366e-17
7.176683665752414527e+03 3.325829207024197354e-17
7.180762745857242408e+03 3.795998336327093263e-17
7.184841825962070288e+03 3.834326577190350354e-17
7.188920906066898169e+03 3.711820797599001934e-17
7.192999986171726050e+03 3.816942218564690903e-17
7.197079066276553931e+03 4.005714760516642455e-17
7.201158146381381812e+03 3.855385602969215375e-17
7.205237226486209693e+03 3.953487238384534330e-17
7.209316306591037574e+03 3.989015969182666953e-17
7.213395386695865454e+03 3.627113863278876667e-17
7.217474466800693335e+03 3.847768262144337053e-17
7.221553546905521216e+03 4.114251775667685386e-17
7.225632627010349097e+03 3.981742073748120649e-17
7.229711707115176978e+03 3.879997534915118160e-17
7.233790787220004859e+03 4.312738726733459694e-17
7.237869867324832740e+03 4.347187490523843085e-17
7.241948947429660620e+03 4.750006250863691396e-17
7.246028027534488501e+03 4.839319257706756942e-17
7.250107107639316382e+03 4.566432042753268091e-17
7.254186187744144263e+03 4.312071357415251912e-17
7.258265267848972144e+03 4.696371859945753081e-17
7.262344347953800025e+03 4.806283649274859144e-17
7.266423428058627906e+03 4.727499328140613555e-17
7.270502508163455786e+03 4.991332885853587008e-17
7.274581588268283667e+03 4.743700156745832134e-17
7.278660668373111548e+03 4.265142423414913461e-17
7.282739748477939429e+03 4.583843532903019281e-17
7.286818828582767310e+03 4.616485072491096817e-17
7.290897908687595191e+03 4.305810261922715535e-17
7.294976988792423072e+03 3.851078308083529249e-17
7.299056068897250952e+03 4.480422795276739337e-17
7.303135149002078833e+03 4.940215770975770067e-17
7.307214229106906714e+03 4.539337907225216180e-17
7.311293309211734595e+03 3.772043847532047624e-17
7.315372389316562476e+03 4.086570341904720825e-17
7.319451469421390357e+03 4.339507283972410734e-17
7.323530549526218238e+03 4.465533875123029860e-17
7.327609629631046118e+03 4.725560085912544237e-17
7.331688709735873999e+03 3.984509820077723080e-17
7.335767789840701880e+03 4.565840774051415187e-17
7.339846869945529761e+03 4.718326226019645500e-17
7.343925950050357642e+03 5.007202842213784376e-17
7.348005030155185523e+03 7.049705665742792135e-17
7.352084110260013404e+03 5.673482928990957277e-17
7.356163190364841284e+03 5.558819814223346623e-17
7.360242270469669165e+03 6.198718795160488323e-17
7.364321350574497046e+03 5.679967363248882972e-17
7.368400430679324927e+03 6.111940931458775296e-17
7.372479510784152808e+03 6.513060662820439688e-17
7.376558590888980689e+03 6.389818692483919074e-17
7.380637670993808570e+03 6.813113481706905032e-17
7.384716751098636450e+03 7.317112643701994667e-17
7.388795831203464331e+03 7.046423413072181721e-17
7.392874911308292212e+03 6.969622009302348250e-17
7.396953991413120093e+03 7.996824820138048653e-17
7.401033071517947974e+03 7.745699403611849875e-17
7.405112151622775855e+03 7.849412632302728570e-17
7.409191231727603736e+03 8.063903212115688815e-17
7.413270311832431616e+03 8.369659606761829795e-17
7.417349391937259497e+03 8.057643109239887502e-17
7.421428472042087378e+03 7.545873743442719746e-17
7.425507552146915259e+03 7.113354236028542423e-17
7.429586632251743140e+03 7.138212667796986011e-17
7.433665712356571021e+03 7.618242782618249074e-17
7.437744792461398902e+03 7.192533949495588360e-17
7.441823872566226783e+03 6.642231863787740405e-17
7.445902952671054663e+03 7.157206058150183611e-17
7.449982032775882544e+03 6.973976949791317430e-17
7.454061112880710425e+03 7.210980077155520877e-17
7.458140192985538306e+03 6.640678749469610840e-17
