4.800000000000002728e+03 1.609217677739851354e-16
4.803518267869952069e+03 1.496679556878664926e-16
4.807036535739901410e+03 1.376646517923258025e-16
4.810554803609850751e+03 1.399126375296693130e-16
4.814073071479800092e+03 1.585763732477073803e-16
4.817591339349749433e+03 1.586478284177421610e-16
4.821109607219698773e+03 1.358806945262898392e-16
4.824627875089648114e+03 1.379911168190433310e-16
4.828146142959597455e+03 1.426805559128391547e-16
4.831664410829546796e+03 1.528911410452957198e-16
4.835182678699496137e+03 1.445974708818144414e-16
4.838700946569445478e+03 1.159731306298782344e-16
4.842219214439394818e+03 1.278471164171748344e-16
4.845737482309344159e+03 1.497296038045588446e-16
4.849255750179293500e+03 1.399126639994489147e-16
4.852774018049242841e+03 1.439935099206425236e-16
4.856292285919192182e+03 1.510337963153140519e-16
4.859810553789141522e+03 1.128344765136070262e-16
4.863328821659090863e+03 1.007915473580025959e-16
4.866847089529040204e+03 1.156585108295324653e-16
4.870365357398989545e+03 1.227918649692835598e-16
4.873883625268938886e+03 1.196404391843545328e-16
4.877401893138888227e+03 1.121707467900944768e-16
4.880920161008837567e+03 1.148442342345352648e-16
4.884438428878786908e+03 1.154487775308584200e-16
4.887956696748736249e+03 1.178908926318007755e-16
4.891474964618685590e+03 1.297512464826025016e-16
4.894993232488634931e+03 1.242636508895869109e-16
4.898511500358584271e+03 1.239183393797929742e-16
4.902029768228533612e+03 1.253238317370838754e-16
4.905548036098482953e+03 1.080779960855250048e-16
4.909066303968432294e+03 1.109678144212055610e-16
4.912584571838381635e+03 1.321343869145922764e-16
4.916102839708330976e+03 1.321504805405901081e-16
4.919621107578280316e+03 1.313310820432399793e-16
4.923139375448229657e+03 1.325064858413431304e-16
4.926657643318178998e+03 1.229043747674805724e-16
4.930175911188128339e+03 1.260256647083330675e-16
4.933694179058077680e+03 1.443992784070467360e-16
4.937212446928027020e+03 1.447634363999170809e-16
4.940730714797976361e+03 1.336030494009026273e-16
4.944248982667925702e+03 1.324809954435866963e-16
4.947767250537875043e+03 1.340194190340373193e-16
4.951285518407824384e+03 1.266948207366639647e-16
4.954803786277773725e+03 1.228377106275536988e-16
4.958322054147723065e+03 1.307933881753009096e-16
4.961840322017672406e+03 1.220311896779797955e-16
4.965358589887621747e+03 1.218168903423244576e-16
4.968876857757571088e+03 1.446661599598808448e-16
4.972395125627520429e+03 1.560889154143073180e-16
4.975913393497469769e+03 1.562310316609888286e-16
4.979431661367419110e+03 1.489917057586023406e-16
4.982949929237368451e+03 1.413680915959584171e-16
4.986468197107317792e+03 1.459336918258877019e-16
4.989986464977267133e+03 1.440230501946780173e-16
4.993504732847216474e+03 1.256467762831143782e-16
4.997023000717165814e+03 1.209698573950701572e-16
5.000541268587115155e+03 1.329030957840051557e-16
5.004059536457064496e+03 1.331005074002746110e-16
5.007577804327013837e+03 1.303036972526695173e-16
5.011096072196963178e+03 1.362136314141199826e-16
5.014614340066912519e+03 1.386437027653435660e-16
5.018132607936861859e+03 1.315134588246956709e-16
5.021650875806811200e+03 1.271065846281479615e-16
5.025169143676760541e+03 1.314066400291130231e-16
5.028687411546709882e+03 1.398283445165277093e-16
5.032205679416659223e+03 1.411355413472677092e-16
5.035723947286608563e+03 1.381577176118564112e-16
5.039242215156557904e+03 1.339991167130828178e-16
5.042760483026507245e+03 1.254195861647930139e-16
5.046278750896456586e+03 1.179326090044530498e-16
5.049797018766405927e+03 1.275745173919467590e-16
5.053315286636355268e+03 1.367409226586755854e-16
5.056833554506304608e+03 1.340805509900274382e-16
5.060351822376253949e+03 1.268658287477807275e-16
5.063870090246203290e+03 1.192564023870033136e-16
5.067388358116152631e+03 1.299598812854230764e-16
5.070906625986101972e+03 1.443069650506858181e-16
5.074424893856051312e+03 1.516251444265057612e-16
5.077943161726000653e+03 1.590199273444930150e-16
5.081461429595949994e+03 1.582592123485198482e-16
5.084979697465899335e+03 1.582418084684317325e-16
5.088497965335848676e+03 1.578673537312963275e-16
5.092016233205798017e+03 1.389065609116782170e-16
5.095534501075747357e+03 1.366881286832600010e-16
5.099052768945696698e+03 1.495253232804827489e-16
5.102571036815646039e+03 1.387431364924173404e-16
5.106089304685595380e+03 1.272620151739691256e-16
5.109607572555544721e+03 1.397381487425349272e-16
5.113125840425494061e+03 1.574758524560974297e-16
5.116644108295443402e+03 1.736759134377075593e-16
5.120162376165392743e+03 2.008049493701643076e-16
5.123680644035342084e+03 2.293764956466849301e-16
5.127198911905291425e+03 2.374809068860140758e-16
5.130717179775240766e+03 2.401973680176382187e-16
5.134235447645190106e+03 2.174135978697062303e-16
5.137753715515139447e+03 1.710578934164221272e-16
5.141271983385088788e+03 1.541762091402887011e-16
5.144790251255038129e+03 1.383176480202098638e-16
5.148308519124987470e+03 1.307907809020101425e-16
5.151826786994936811e+03 1.331620364029587555e-16
5.155345054864886151e+03 1.282886985153801427e-16
5.158863322734835492e+03 1.362563139337277188e-16
5.162381590604784833e+03 1.395188201487552668e-16
5.165899858474734174e+03 1.389953934920215117e-16
5.169418126344683515e+03 1.442632766794532174e-16
5.172936394214632855e+03 1.422553189035378942e-16
5.176454662084582196e+03 1.289249393727763299e-16
5.179972929954531537e+03 1.213053750864114661e-16
5.183491197824480878e+03 1.325078887396620203e-16
5.187009465694430219e+03 1.328943475218467949e-16
5.190527733564379560e+03 1.285240810304882323e-16
5.194046001434328900e+03 1.366792745419832334e-16
5.197564269304278241e+03 1.391738924507655547e-16
5.201082537174227582e+03 1.235240587777358982e-16
5.204600805044176923e+03 1.188974060011552996e-16
5.208119072914126264e+03 1.344759433228277855e-16
5.211637340784075604e+03 1.383480088574130101e-16
5.215155608654024945e+03 1.447040382144908731e-16
5.218673876523974286e+03 1.456522915989420623e-16
5.222192144393923627e+03 1.304181790494468563e-16
5.225710412263872968e+03 1.238913534394890442e-16
5.229228680133822309e+03 1.282775415032780275e-16
5.232746948003771649e+03 1.278554279279697672e-16
5.236265215873720990e+03 1.201017942079223087e-16
5.239783483743670331e+03 1.256338325608891485e-16
5.243301751613619672e+03 1.338576225062219471e-16
5.246820019483569013e+03 1.372729122891104894e-16
5.250338287353518353e+03 1.338341835163846445e-16
5.253856555223467694e+03 1.228934295136152707e-16
5.257374823093417035e+03 1.270014863682394240e-16
5.260893090963366376e+03 1.384734888476148542e-16
5.264411358833315717e+03 1.427956465145473327e-16
5.267929626703265058e+03 1.391775055756811863e-16
5.271447894573214398e+03 1.363590696181415061e-16
5.274966162443163739e+03 1.370183391837911696e-16
5.278484430313113080e+03 1.330855122701302498e-16
5.282002698183062421e+03 1.397538320869489326e-16
5.285520966053011762e+03 1.445577926821914978e-16
5.289039233922961103e+03 1.291766008023394630e-16
5.292557501792910443e+03 1.250320288867547689e-16
5.296075769662859784e+03 1.296499731058464093e-16
5.299594037532809125e+03 1.266962633396522572e-16
5.303112305402758466e+03 1.246977817448343415e-16
5.306630573272707807e+03 1.238581603358685163e-16
5.310148841142657147e+03 1.277003679590630269e-16
5.313667109012606488e+03 1.351406127235161951e-16
5.317185376882555829e+03 1.388560168675287768e-16
5.320703644752505170e+03 1.306620980684764931e-16
5.324221912622454511e+03 1.195626577369949465e-16
5.327740180492403852e+03 1.289970562873011531e-16
5.331258448362353192e+03 1.427579403135047155e-16
5.334776716232302533e+03 1.423162788059606021e-16
5.338294984102251874e+03 1.413775148374966212e-16
5.341813251972201215e+03 1.447772403899793658e-16
5.345331519842150556e+03 1.474950382454733944e-16
5.348849787712099896e+03 1.449272843356515846e-16
5.352368055582049237e+03 1.422340504356279308e-16
5.355886323451998578e+03 1.375622269801570364e-16
5.359404591321947919e+03 1.328229849960406200e-16
5.362922859191897260e+03 1.298820204287246850e-16
5.366441127061846601e+03 1.276789009678060507e-16
5.369959394931795941e+03 1.363993433878054880e-16
5.373477662801745282e+03 1.393712246576962049e-16
5.376995930671694623e+03 1.336212473743787939e-16
5.380514198541643964e+03 1.349874982834101795e-16
5.384032466411593305e+03 1.317608056801837274e-16
5.387550734281542645e+03 1.343363284703186352e-16
5.391069002151491986e+03 1.389533859517936188e-16
5.394587270021441327e+03 1.285143269167050070e-16
5.398105537891390668e+03 1.267131907637075424e-16
5.401623805761340009e+03 1.307972130584533548e-16
5.405142073631289350e+03 1.270561596980067289e-16
5.408660341501238690e+03 1.337719001249818517e-16
5.412178609371188031e+03 1.426159034761620100e-16
5.415696877241137372e+03 1.384645023574400781e-16
5.419215145111086713e+03 1.436737417481642244e-16
5.422733412981036054e+03 1.468273380550205905e-16
5.426251680850985394e+03 1.327240012552200745e-16
5.429769948720934735e+03 1.264636336816227441e-16
5.433288216590884076e+03 1.272417260879044249e-16
5.436806484460833417e+03 1.305320255715137546e-16
5.440324752330782758e+03 1.357270639254815905e-16
5.443843020200732099e+03 1.280058689203360115e-16
5.447361288070681439e+03 1.210595899479199097e-16
5.450879555940630780e+03 1.247334233030680264e-16
5.454397823810580121e+03 1.301277526276570381e-16
5.457916091680529462e+03 1.393217394047308326e-16
5.461434359550478803e+03 1.437082451058750363e-16
5.464952627420428144e+03 1.366303054497200941e-16
5.468470895290377484e+03 1.231690857983873421e-16
5.471989163160326825e+03 1.147439799442938379e-16
5.475507431030276166e+03 1.274170486730962643e-16
5.479025698900225507e+03 1.420550485510714556e-16
5.482543966770174848e+03 1.406834375116707263e-16
5.486062234640124188e+03 1.391949359255489037e-16
5.489580502510073529e+03 1.389456964808193258e-16
5.493098770380022870e+03 1.376265750143687615e-16
5.496617038249972211e+03 1.381216657720389001e-16
5.500135306119921552e+03 1.362480156578225869e-16
5.503653573989870893e+03 1.386703710682922757e-16
5.507171841859820233e+03 1.352152839717725820e-16
5.510690109729769574e+03 1.284101815688621306e-16
5.514208377599718915e+03 1.361676534069518351e-16
5.517726645469668256e+03 1.377806953060996416e-16
5.521244913339617597e+03 1.352168192189894804e-16
5.524763181209566937e+03 1.282177992107169976e-16
5.528281449079516278e+03 1.228117834784338367e-16
5.531799716949465619e+03 1.292514573390530618e-16
5.535317984819414960e+03 1.304035280264373171e-16
5.538836252689364301e+03 1.336316764675418624e-16
5.542354520559313642e+03 1.362211753013064662e-16
5.545872788429262982e+03 1.298857526676485243e-16
5.549391056299212323e+03 1.284403703524978659e-16
5.552909324169161664e+03 1.299943978780236892e-16
5.556427592039111005e+03 1.263156676136492585e-16
5.559945859909060346e+03 1.327495842972051146e-16
5.563464127779009686e+03 1.449679948566789944e-16
5.566982395648959027e+03 1.392694086504582779e-16
5.570500663518908368e+03 1.209236808645549970e-16
5.574018931388857709e+03 1.124302697441993139e-16
5.577537199258807050e+03 1.057166005774780239e-16
5.581055467128756391e+03 1.049149633022406337e-16
5.584573734998705731e+03 1.071763030433932004e-16
5.588092002868655072e+03 1.039484920919785766e-16
5.591610270738604413e+03 1.095037444416561046e-16
5.595128538608553754e+03 1.218763017626404662e-16
5.598646806478503095e+03 1.268784415977609360e-16
5.602165074348452436e+03 1.193306368838962725e-16
5.605683342218401776e+03 1.213686246247697208e-16
5.609201610088351117e+03 1.256332237559583094e-16
5.612719877958300458e+03 1.186083824776843713e-16
5.616238145828249799e+03 1.221516933496165206e-16
5.619756413698199140e+03 1.279840710568340141e-16
5.623274681568148480e+03 1.300600826361053000e-16
5.626792949438097821e+03 1.356701538993379422e-16
5.630311217308047162e+03 1.340072826400899413e-16
5.633829485177996503e+03 1.347466497588143395e-16
5.637347753047945844e+03 1.248588371188208662e-16
5.640866020917895185e+03 1.073868436703450974e-16
5.644384288787844525e+03 1.160925755103308916e-16
5.647902556657793866e+03 1.251857918364610261e-16
5.651420824527743207e+03 1.283572023049893342e-16
5.654939092397692548e+03 1.241460191890369699e-16
5.658457360267641889e+03 1.214979427330138109e-16
5.661975628137591229e+03 1.309077111534006385e-16
5.665493896007540570e+03 1.351677574824977353e-16
5.669012163877489911e+03 1.338950375396889456e-16
5.672530431747439252e+03 1.301662132174183036e-16
5.676048699617388593e+03 1.199373771719263685e-16
5.679566967487337934e+03 1.191331061536186095e-16
5.683085235357287274e+03 1.272281603258585553e-16
5.686603503227236615e+03 1.250484136803282193e-16
5.690121771097185956e+03 1.196544152279842288e-16
5.693640038967135297e+03 1.314726159547702526e-16
5.697158306837084638e+03 1.341770068668960217e-16
5.700676574707033978e+03 1.211494416147778697e-16
5.704194842576983319e+03 1.226312331117706622e-16
5.707713110446932660e+03 1.264933724790052506e-16
5.711231378316882001e+03 1.259764176833841104e-16
5.714749646186831342e+03 1.248553828125828448e-16
5.718267914056780683e+03 1.236780202507891681e-16
5.721786181926730023e+03 1.175584851395626660e-16
5.725304449796679364e+03 1.160804523512733145e-16
5.728822717666628705e+03 1.227160025809450965e-16
5.732340985536578046e+03 1.223868641064877966e-16
5.735859253406527387e+03 1.204178036716971670e-16
5.739377521276476728e+03 1.190904501037904750e-16
5.742895789146426068e+03 1.177004558024563672e-16
5.746414057016375409e+03 1.152707947328166101e-16
5.749932324886324750e+03 1.066438501918152667e-16
5.753450592756274091e+03 1.048286850556289028e-16
5.756968860626223432e+03 1.164278814434353869e-16
5.760487128496172772e+03 1.204375236575004312e-16
5.764005396366122113e+03 1.127032393463418131e-16
5.767523664236071454e+03 1.096514855165029757e-16
5.771041932106020795e+03 1.025210298176182670e-16
5.774560199975970136e+03 9.807911625032281135e-17
5.778078467845919477e+03 1.116323779427755639e-16
5.781596735715868817e+03 1.212360507336346220e-16
5.785115003585818158e+03 1.135712760637100599e-16
5.788633271455767499e+03 1.061830245638395248e-16
5.792151539325716840e+03 1.128755443766590589e-16
5.795669807195666181e+03 1.193978171845253792e-16
5.799188075065615521e+03 1.158303923433760840e-16
5.802706342935564862e+03 1.080134429105213665e-16
5.806224610805514203e+03 1.076502312122717823e-16
5.809742878675463544e+03 1.107205205052767078e-16
5.813261146545412885e+03 1.053965015327547035e-16
5.816779414415362226e+03 1.008375518349503451e-16
5.820297682285311566e+03 1.036744239939826071e-16
5.823815950155260907e+03 1.110623644739428223e-16
5.827334218025210248e+03 1.109426218084696460e-16
5.830852485895159589e+03 1.079394135544203207e-16
5.834370753765108930e+03 1.098616820363200507e-16
5.837889021635058270e+03 1.059905164742412837e-16
5.841407289505007611e+03 9.675713604767526379e-17
5.844925557374956952e+03 1.025905593111870243e-16
5.848443825244906293e+03 1.137765492045212192e-16
5.851962093114855634e+03 1.129203841833043335e-16
5.855480360984804975e+03 9.817509567115856426e-17
5.858998628854754315e+03 1.012736546887781021e-16
5.862516896724703656e+03 1.111473854060234727e-16
5.866035164594652997e+03 1.053567108365684526e-16
5.869553432464602338e+03 1.129314882558472453e-16
5.873071700334551679e+03 1.149687613126714478e-16
5.876589968204501019e+03 1.028180670668636090e-16
5.880108236074450360e+03 9.746554014171057712e-17
5.883626503944399701e+03 1.073570916380727901e-16
5.887144771814349042e+03 1.060154245368464805e-16
5.890663039684298383e+03 9.290149501133289204e-17
5.894181307554247724e+03 8.998142833501249671e-17
5.897699575424197064e+03 8.503175160306259014e-17
5.901217843294146405e+03 8.395234707812989326e-17
5.904736111164095746e+03 9.556971496963294235e-17
5.908254379034045087e+03 1.070227253821441551e-16
5.911772646903994428e+03 1.039321072984051263e-16
5.915290914773943769e+03 9.570334103450720865e-17
5.918809182643893109e+03 1.014814292237616218e-16
5.922327450513842450e+03 1.014381445166679470e-16
5.925845718383791791e+03 1.001687531486440707e-16
5.929363986253741132e+03 9.397593645259027075e-17
5.932882254123690473e+03 9.464914235720022764e-17
5.936400521993639813e+03 9.942177596828418460e-17
5.939918789863589154e+03 9.848908681423879314e-17
5.943437057733538495e+03 9.469075285073409514e-17
5.946955325603487836e+03 9.654034193529246587e-17
5.950473593473437177e+03 9.980028058169864921e-17
5.953991861343386518e+03 1.080319320515731518e-16
5.957510129213335858e+03 1.114546201378603684e-16
5.961028397083285199e+03 1.114663594851137210e-16
5.964546664953234540e+03 1.084262060361853273e-16
5.968064932823183881e+03 1.126330944303973163e-16
5.971583200693133222e+03 1.181522684704777314e-16
5.975101468563082562e+03 1.082362390454288492e-16
5.978619736433031903e+03 1.105703706804860823e-16
5.982138004302981244e+03 1.156103887702165803e-16
5.985656272172930585e+03 1.168151078492286107e-16
5.989174540042879926e+03 1.132059534005372403e-16
5.992692807912829267e+03 1.047498448170852486e-16
5.996211075782778607e+03 1.066693207372369995e-16
5.999729343652727948e+03 1.127432219484301762e-16
6.003247611522677289e+03 1.137595423711271290e-16
6.006765879392626630e+03 1.102562339536180441e-16
6.010284147262575971e+03 1.199941813189516100e-16
6.013802415132525311e+03 1.341933784255796712e-16
6.017320683002474652e+03 1.242979689588405109e-16
6.020838950872423993e+03 1.181341896110097724e-16
6.024357218742373334e+03 1.214447914155736036e-16
6.027875486612322675e+03 1.170997770939550598e-16
6.031393754482272016e+03 9.962989461040252636e-17
6.034912022352221356e+03 9.658850369927775336e-17
6.038430290222170697e+03 1.028426905793380875e-16
6.041948558092120038e+03 1.101820523962842885e-16
6.045466825962069379e+03 1.109055707344721708e-16
6.048985093832018720e+03 1.077519347229464021e-16
6.052503361701968061e+03 1.122844344934837649e-16
6.056021629571917401e+03 1.150928516394442028e-16
6.059539897441866742e+03 1.086907979530838894e-16
6.063058165311816083e+03 1.094439161223113692e-16
6.066576433181765424e+03 1.098009008049096542e-16
6.070094701051714765e+03 1.079956750709637275e-16
6.073612968921664105e+03 1.091356689214047085e-16
6.077131236791613446e+03 1.101579185747324414e-16
6.080649504661562787e+03 1.108153683430344882e-16
6.084167772531512128e+03 1.133972637326085046e-16
6.087686040401461469e+03 1.114679079672204203e-16
6.091204308271410810e+03 1.070356293996999823e-16
6.094722576141360150e+03 1.059291330553449486e-16
6.098240844011309491e+03 1.100422787250975281e-16
6.101759111881258832e+03 1.072597424061426494e-16
6.105277379751208173e+03 9.891364884416021033e-17
6.108795647621157514e+03 1.130186003005164298e-16
6.112313915491106854e+03 1.154930614721320589e-16
6.115832183361056195e+03 1.112816136583836776e-16
6.119350451231005536e+03 1.089691276855957321e-16
6.122868719100954877e+03 1.062296113759385113e-16
6.126386986970904218e+03 1.007221038912175441e-16
6.129905254840853559e+03 1.055694352203374897e-16
6.133423522710802899e+03 1.181371939309945650e-16
6.136941790580752240e+03 1.111575762711701260e-16
6.140460058450701581e+03 1.096447158703698418e-16
6.143978326320650922e+03 1.105679817828770291e-16
6.147496594190600263e+03 9.795336494488004987e-17
6.151014862060549603e+03 1.027202810835700403e-16
6.154533129930498944e+03 1.080722786131310383e-16
6.158051397800448285e+03 9.899321038419801075e-17
6.161569665670397626e+03 9.255692465536780283e-17
6.165087933540346967e+03 9.670978161196782806e-17
6.168606201410296308e+03 9.909762042983690411e-17
6.172124469280245648e+03 8.938601711265192697e-17
6.175642737150194989e+03 8.802069926335150118e-17
6.179161005020144330e+03 9.453193417312391383e-17
6.182679272890093671e+03 9.946051449073126799e-17
6.186197540760043012e+03 1.072525624784256891e-16
6.189715808629992353e+03 1.072821490745754858e-16
6.193234076499941693e+03 1.051334051584036373e-16
6.196752344369891034e+03 1.002225992977988226e-16
6.200270612239840375e+03 9.555100745289944308e-17
6.203788880109789716e+03 9.786669626901919384e-17
6.207307147979739057e+03 9.914492192598513645e-17
6.210825415849688397e+03 1.007171408075422259e-16
6.214343683719637738e+03 1.031550935356422146e-16
6.217861951589587079e+03 1.069119824417355557e-16
6.221380219459536420e+03 1.038416071219469246e-16
6.224898487329485761e+03 9.202453797823887337e-17
6.228416755199435102e+03 9.510965696526564963e-17
6.231935023069384442e+03 1.021018213006212930e-16
6.235453290939333783e+03 1.020673642650247841e-16
6.238971558809283124e+03 9.587689676191063471e-17
6.242489826679232465e+03 9.866078303962519998e-17
6.246008094549181806e+03 1.037190057202767651e-16
6.249526362419131146e+03 9.127073821218664989e-17
6.253044630289080487e+03 8.273648422190554852e-17
6.256562898159029828e+03 9.786377135837320634e-17
6.260081166028979169e+03 8.705130975988835699e-17
6.263599433898928510e+03 9.528742800507064591e-17
6.267117701768877851e+03 1.017219005539981376e-16
6.270635969638827191e+03 8.681182442894200442e-17
6.274154237508776532e+03 8.564302484084947674e-17
6.277672505378725873e+03 8.690324443024136504e-17
6.281190773248675214e+03 9.032240541839665557e-17
6.284709041118624555e+03 1.011807391449312456e-16
6.288227308988573895e+03 9.868193239352695580e-17
6.291745576858523236e+03 7.572591015483692498e-17
6.295263844728472577e+03 8.411306496242649633e-17
6.298782112598421918e+03 9.570076023099604321e-17
6.302300380468371259e+03 8.934337429771359329e-17
6.305818648338320600e+03 9.623788499867367641e-17
6.309336916208269940e+03 1.018713290772946169e-16
6.312855184078219281e+03 9.171946715088441634e-17
6.316373451948168622e+03 9.085123191016915680e-17
6.319891719818117963e+03 1.031946393863671498e-16
6.323409987688067304e+03 1.012710209457077333e-16
6.326928255558016644e+03 9.902172495427393872e-17
6.330446523427965985e+03 9.967565424188895985e-17
6.333964791297915326e+03 1.000474355312845935e-16
6.337483059167864667e+03 9.803683739485400100e-17
6.341001327037814008e+03 1.032278060202080760e-16
6.344519594907763349e+03 1.124290256645580342e-16
6.348037862777712689e+03 1.023832082926771317e-16
6.351556130647662030e+03 1.051917776398702794e-16
6.355074398517611371e+03 1.059948244308714599e-16
6.358592666387560712e+03 1.058351322505344226e-16
6.362110934257510053e+03 1.141548420596988703e-16
6.365629202127459394e+03 1.152912294026691201e-16
6.369147469997408734e+03 1.066096313842351730e-16
6.372665737867358075e+03 1.066187502233079576e-16
6.376184005737307416e+03 1.129370204397840000e-16
6.379702273607256757e+03 1.151687802022316703e-16
6.383220541477206098e+03 1.228488147000966106e-16
6.386738809347155438e+03 1.240686480232612099e-16
6.390257077217104779e+03 1.136484487061388072e-16
6.393775345087054120e+03 1.090735311137897251e-16
6.397293612957003461e+03 1.058020516434772019e-16
6.400811880826952802e+03 1.106940507256750110e-16
6.404330148696902143e+03 1.178418573650886320e-16
6.407848416566851483e+03 1.274396141602067109e-16
6.411366684436800824e+03 1.170547917035219760e-16
6.414884952306750165e+03 1.115834485551818272e-16
6.418403220176699506e+03 1.209347584673183072e-16
6.421921488046648847e+03 1.235732396282358510e-16
6.425439755916598187e+03 1.217061407844709578e-16
6.428958023786547528e+03 1.181180165756731356e-16
6.432476291656496869e+03 1.206821705954691146e-16
6.435994559526446210e+03 1.183657869476348193e-16
6.439512827396395551e+03 1.252459444106058823e-16
6.443031095266344892e+03 1.351713970771929686e-16
6.446549363136294232e+03 1.287507285183277618e-16
6.450067631006243573e+03 1.232342676306565207e-16
6.453585898876192914e+03 1.234440273991101677e-16
6.457104166746142255e+03 1.329066030298023805e-16
6.460622434616091596e+03 1.425538715476654334e-16
6.464140702486040936e+03 1.286165796753063620e-16
6.467658970355990277e+03 1.181074551336120586e-16
6.471177238225939618e+03 1.123642938185420844e-16
6.474695506095888959e+03 1.134400786011142493e-16
6.478213773965838300e+03 1.212431446345678767e-16
6.481732041835787641e+03 1.158076415678084255e-16
6.485250309705736981e+03 9.864099687937293156e-17
6.488768577575686322e+03 1.018734929817770557e-16
6.492286845445635663e+03 1.167725179738494804e-16
6.495805113315585004e+03 1.118986242208992320e-16
6.499323381185534345e+03 1.004066701451490227e-16
6.502841649055483686e+03 9.904781092207141100e-17
6.506359916925433026e+03 1.000036478983784864e-16
6.509878184795382367e+03 9.874516869699540966e-17
6.513396452665331708e+03 1.004618530181736603e-16
6.516914720535281049e+03 9.258785459283238564e-17
6.520432988405230390e+03 8.632094898367343610e-17
6.523951256275179730e+03 9.069895126812059461e-17
6.527469524145129071e+03 9.332429680091079639e-17
6.530987792015078412e+03 8.868955088921697894e-17
6.534506059885027753e+03 8.064615910931464504e-17
6.538024327754977094e+03 8.640699561971365225e-17
6.541542595624926435e+03 8.728915396449940436e-17
6.545060863494875775e+03 8.220834594440269141e-17
6.548579131364825116e+03 9.365322351713128274e-17
6.552097399234774457e+03 8.984465236636562848e-17
6.555615667104723798e+03 7.925609863353153309e-17
6.559133934974673139e+03 7.903933760837323730e-17
6.562652202844622479e+03 8.177247470114644922e-17
6.566170470714571820e+03 8.388035589505817816e-17
6.569688738584521161e+03 9.412702595455675657e-17
6.573207006454470502e+03 9.986777190223807585e-17
6.576725274324419843e+03 9.531996598164603181e-17
6.580243542194369184e+03 8.472165813502871112e-17
6.583761810064318524e+03 9.054426849357317844e-17
6.587280077934267865e+03 1.012906218175027898e-16
6.590798345804217206e+03 9.449716611761708497e-17
6.594316613674166547e+03 9.143338839039417683e-17
6.597834881544115888e+03 1.027313851561129521e-16
6.601353149414065228e+03 1.188873607197964556e-16
6.604871417284014569e+03 1.210305525996968482e-16
6.608389685153963910e+03 1.105876025070067869e-16
6.611907953023913251e+03 1.163909693357808206e-16
6.615426220893862592e+03 1.320759945807909331e-16
6.618944488763811933e+03 1.436682889735662748e-16
6.622462756633761273e+03 1.563042338364773213e-16
6.625981024503710614e+03 1.707307269405451537e-16
6.629499292373659955e+03 1.923824243195819688e-16
6.633017560243609296e+03 2.028269228943787293e-16
6.636535828113558637e+03 2.121109995663268992e-16
6.640054095983507978e+03 2.094961426837038698e-16
6.643572363853457318e+03 2.197783021002034233e-16
6.647090631723406659e+03 2.362095369019649727e-16
6.650608899593356000e+03 2.376348021846183415e-16
6.654127167463305341e+03 2.398497933416883368e-16
6.657645435333254682e+03 2.468909400041969203e-16
6.661163703203204022e+03 2.424661457668588621e-16
6.664681971073153363e+03 2.463311835749598363e-16
6.668200238943102704e+03 2.533261140022838569e-16
6.671718506813052045e+03 2.599491440262040364e-16
6.675236774683001386e+03 2.532247082766297562e-16
6.678755042552950727e+03 2.448142534455457911e-16
6.682273310422900067e+03 2.431741064920858470e-16
6.685791578292849408e+03 2.396470083601597370e-16
6.689309846162798749e+03 2.343850544033588114e-16
6.692828114032748090e+03 2.279237547328050000e-16
6.696346381902697431e+03 2.330039142433014713e-16
6.699864649772646771e+03 2.491536032343295718e-16
6.703382917642596112e+03 2.544104220538877682e-16
6.706901185512545453e+03 2.382584831315935235e-16
6.710419453382494794e+03 2.407455042136301578e-16
6.713937721252444135e+03 2.764663659070016981e-16
6.717455989122393476e+03 3.148942919602387789e-16
6.720974256992342816e+03 3.464657245334687137e-16
6.724492524862292157e+03 3.608718226723534386e-16
6.728010792732241498e+03 3.407082033629648191e-16
6.731529060602190839e+03 2.900614299988904304e-16
6.735047328472140180e+03 2.624798931841426739e-16
6.738565596342089520e+03 2.631734278794867340e-16
6.742083864212038861e+03 2.598803755387988279e-16
6.745602132081988202e+03 2.541357451509609596e-16
6.749120399951937543e+03 2.502531049394248570e-16
6.752638667821886884e+03 2.491680027944328949e-16
6.756156935691836225e+03 2.389729554226025258e-16
6.759675203561785565e+03 2.327125349094459920e-16
6.763193471431734906e+03 2.309981931637624915e-16
6.766711739301684247e+03 2.139745911642945675e-16
6.770230007171633588e+03 2.017918089281645717e-16
6.773748275041582929e+03 2.129861831241876041e-16
6.777266542911532269e+03 2.137346029075357827e-16
6.780784810781481610e+03 2.064448256052284604e-16
6.784303078651430951e+03 1.955383234972636825e-16
6.787821346521380292e+03 1.945900171732532899e-16
6.791339614391329633e+03 1.993746018898274130e-16
6.794857882261278974e+03 1.883526386032400332e-16
6.798376150131228314e+03 1.770140305781673544e-16
6.801894418001177655e+03 1.668642994690150904e-16
6.805412685871126996e+03 1.660475214798455296e-16
6.808930953741076337e+03 1.673860320598543369e-16
6.812449221611025678e+03 1.538872650261565778e-16
6.815967489480975019e+03 1.493232662178931957e-16
6.819485757350924359e+03 1.468915802101139088e-16
6.823004025220873700e+03 1.471663762270489250e-16
6.826522293090823041e+03 1.533006550055135723e-16
6.830040560960772382e+03 1.473799344088754155e-16
6.833558828830721723e+03 1.317927679390527764e-16
6.837077096700671063e+03 1.274231631921842562e-16
6.840595364570620404e+03 1.334846633116340379e-16
6.844113632440569745e+03 1.371662126075360493e-16
6.847631900310519086e+03 1.231274885397432755e-16
6.851150168180468427e+03 1.228164024549743328e-16
6.854668436050417768e+03 1.308997569846303286e-16
6.858186703920367108e+03 1.270742914970338913e-16
6.861704971790316449e+03 1.297663739616448713e-16
6.865223239660265790e+03 1.170654193200320573e-16
6.868741507530215131e+03 1.048052394483466997e-16
6.872259775400164472e+03 1.035407846942185399e-16
6.875778043270113812e+03 1.095292943964166425e-16
6.879296311140063153e+03 1.200548897584681018e-16
6.882814579010012494e+03 1.256108567921948756e-16
6.886332846879961835e+03 1.310378630597021821e-16
6.889851114749911176e+03 1.291324359750740318e-16
6.893369382619860517e+03 1.181376042125783913e-16
6.896887650489809857e+03 1.202576482702171000e-16
6.900405918359759198e+03 1.182000861273281968e-16
6.903924186229708539e+03 1.019326198519623461e-16
6.907442454099657880e+03 1.007414996222206875e-16
6.910960721969607221e+03 1.156480023270305916e-16
6.914478989839556561e+03 1.096179880104170283e-16
6.917997257709505902e+03 9.364189445146175648e-17
6.921515525579455243e+03 9.543630728044039005e-17
6.925033793449404584e+03 1.003749461142963890e-16
6.928552061319353925e+03 8.996141056418871344e-17
6.932070329189303266e+03 9.265314892166487144e-17
6.935588597059252606e+03 8.930429166813168783e-17
6.939106864929201947e+03 8.755326942536513588e-17
6.942625132799151288e+03 9.019642911982727967e-17
6.946143400669100629e+03 8.894180788882115026e-17
6.949661668539049970e+03 9.099029089730667139e-17
6.953179936408999311e+03 8.625190918102731020e-17
6.956698204278948651e+03 8.608278052426226795e-17
6.960216472148897992e+03 9.029222986965072112e-17
6.963734740018847333e+03 8.458301604691992326e-17
6.967253007888796674e+03 8.225071082665520728e-17
6.970771275758746015e+03 9.506614064760045995e-17
6.974289543628695355e+03 9.301064314752048915e-17
6.977807811498644696e+03 8.699014471667373591e-17
6.981326079368594037e+03 8.789269140919769505e-17
6.984844347238543378e+03 8.230755467834985134e-17
6.988362615108492719e+03 8.665567919907159449e-17
6.991880882978442060e+03 8.932949751575740369e-17
6.995399150848391400e+03 8.810020786383009820e-17
6.998917418718340741e+03 8.209837724504744170e-17
7.002435686588290082e+03 7.954416262749189987e-17
7.005953954458239423e+03 8.069612743575774834e-17
7.009472222328188764e+03 7.248731938567951017e-17
7.012990490198138104e+03 7.478931670830028322e-17
7.016508758068087445e+03 7.754309361171791829e-17
7.020027025938036786e+03 6.991646189419940143e-17
7.023545293807986127e+03 7.126527583591816921e-17
7.027063561677935468e+03 7.432037809287662120e-17
7.030581829547884809e+03 8.071447099302172428e-17
7.034100097417834149e+03 7.595068490576963450e-17
7.037618365287783490e+03 7.161345269935398962e-17
7.041136633157732831e+03 7.705929883249280389e-17
7.044654901027682172e+03 7.157513107593563295e-17
7.048173168897631513e+03 6.503058394853448478e-17
7.051691436767580853e+03 7.403989769077214057e-17
7.055209704637530194e+03 8.868188127057738727e-17
7.058727972507479535e+03 8.570483839366433939e-17
7.062246240377428876e+03 7.747645594157064638e-17
7.065764508247378217e+03 6.837349211910218700e-17
7.069282776117327558e+03 6.883280235219573179e-17
7.072801043987276898e+03 7.414643855366897054e-17
7.076319311857226239e+03 7.500846001362273174e-17
7.079837579727175580e+03 8.103259803916471830e-17
7.083355847597124921e+03 8.104588586852477013e-17
7.086874115467074262e+03 6.902087013626578816e-17
7.090392383337023603e+03 7.132090207775113521e-17
7.093910651206972943e+03 7.358842251244069807e-17
7.097428919076922284e+03 7.756448119363608938e-17
7.100947186946871625e+03 8.847459642651649895e-17
7.104465454816820966e+03 8.031886028453966305e-17
7.107983722686770307e+03 7.541446672804335942e-17
7.111501990556719647e+03 7.839729325179937806e-17
7.115020258426668988e+03 7.324722705337482521e-17
7.118538526296618329e+03 7.069116616869206503e-17
7.122056794166567670e+03 7.525455617202460811e-17
7.125575062036516101e+03 8.053693818123314327e-17
7.129093329906465442e+03 8.191637104050617391e-17
7.132611597776414783e+03 8.595592410552113562e-17
7.136129865646364124e+03 8.862992109321925628e-17
7.139648133516313464e+03 8.489047577188343343e-17
7.143166401386262805e+03 7.380415121619452769e-17
7.146684669256212146e+03 6.548350834729912019e-17
7.150202937126161487e+03 7.841592797663897267e-17
7.153721204996110828e+03 8.246020589731283728e-17
7.157239472866060169e+03 7.842777982045563245e-17
7.160757740736009509e+03 7.439935729776318428e-17
7.164276008605958850e+03 6.962990006023143095e-17
7.167794276475908191e+03 7.528020538845865239e-17
7.171312544345857532e+03 8.459715752667212982e-17
7.174830812215806873e+03 8.241588225136979584e-17
7.178349080085756214e+03 7.876853852815807731e-17
7.181867347955705554e+03 7.391324641282292140e-17
7.185385615825654895e+03 6.512228849996456364e-17
7.188903883695604236e+03 7.246501197892018012e-17
7.192422151565553577e+03 8.072491332107459370e-17
7.195940419435502918e+03 7.231992449947837907e-17
7.199458687305452258e+03 6.974193340239561302e-17
7.202976955175401599e+03 7.267613494102331448e-17
7.206495223045350940e+03 7.192553801830289632e-17
7.210013490915300281e+03 6.784362668848031917e-17
7.213531758785249622e+03 7.605540597131884781e-17
7.217050026655198963e+03 9.511004077706987424e-17
7.220568294525148303e+03 9.367222220144040068e-17
7.224086562395097644e+03 8.037719967878180299e-17
7.227604830265046985e+03 7.622178177100531358e-17
7.231123098134996326e+03 8.806260754190588778e-17
7.234641366004945667e+03 9.648250546686275818e-17
7.238159633874895007e+03 8.409898303967839358e-17
7.241677901744844348e+03 7.356295858446386567e-17
7.245196169614793689e+03 8.120999188461039040e-17
7.248714437484743030e+03 8.569639453397139808e-17
7.252232705354692371e+03 6.754218222093129461e-17
7.255750973224641712e+03 6.964377022474272012e-17
7.259269241094591052e+03 8.017276695347299751e-17
7.262787508964540393e+03 8.352457558743177032e-17
7.266305776834489734e+03 8.311067426124493654e-17
7.269824044704439075e+03 8.874460803078850846e-17
7.273342312574388416e+03 7.561528632843653327e-17
7.276860580444337756e+03 6.564359757433018295e-17
7.280378848314287097e+03 6.037634966160891799e-17
7.283897116184236438e+03 5.387641403900397970e-17
7.287415384054185779e+03 5.449790130299467109e-17
7.290933651924135120e+03 7.102216414516638416e-17
7.294451919794084461e+03 8.276510467109988328e-17
7.297970187664033801e+03 8.150688355006792309e-17
7.301488455533983142e+03 6.664408245138042056e-17
7.305006723403932483e+03 6.995104466124901841e-17
7.308524991273881824e+03 1.004586038527275520e-16
7.312043259143831165e+03 1.083045575465808289e-16
7.315561527013780506e+03 8.875798850437716624e-17
7.319079794883729846e+03 6.901822315830561847e-17
7.322598062753679187e+03 7.223162793217201868e-17
7.326116330623628528e+03 9.063415324765564064e-17
7.329634598493577869e+03 8.906122629949420576e-17
7.333152866363527210e+03 6.562528710429070913e-17
7.336671134233476550e+03 8.118473309742547115e-17
7.340189402103425891e+03 8.713954015274571314e-17
7.343707669973375232e+03 7.919862612457134873e-17
7.347225937843324573e+03 7.449199490892422296e-17
7.350744205713273914e+03 7.502345514376709303e-17
7.354262473583223255e+03 7.366449004157107450e-17
7.357780741453172595e+03 7.743592409155554803e-17
7.361299009323121936e+03 8.230433198268334474e-17
7.364817277193071277e+03 9.177340594426777417e-17
7.368335545063020618e+03 9.817227663963098354e-17
7.371853812932969959e+03 1.010529165792346514e-16
7.375372080802919299e+03 9.975137766388451422e-17
7.378890348672868640e+03 9.971542508574050942e-17
7.382408616542817981e+03 9.979967177676781018e-17
7.385926884412767322e+03 1.079686428085454945e-16
7.389445152282716663e+03 1.102591059247048282e-16
7.392963420152666004e+03 1.000254126746559816e-16
7.396481688022615344e+03 9.332107410524428980e-17
7.399999955892564685e+03 9.987573268845328619e-17
7.403518223762514026e+03 1.075331686119832778e-16
7.407036491632463367e+03 1.128092905183160116e-16
7.410554759502412708e+03 1.175651952286916962e-16
7.414073027372362048e+03 1.123467178848865577e-16
7.417591295242311389e+03 1.040212906033281435e-16
7.421109563112260730e+03 1.019925341980907870e-16
7.424627830982210071e+03 1.018594772334779572e-16
7.428146098852159412e+03 1.058397710794096200e-16
7.431664366722108753e+03 1.024318266603605485e-16
7.435182634592058093e+03 9.048127703556604028e-17
7.438700902462007434e+03 9.417467817528471139e-17
7.442219170331956775e+03 1.017893587873130621e-16
7.445737438201906116e+03 1.075568524472818961e-16
7.449255706071855457e+03 9.482980522042670931e-17
7.452773973941804798e+03 8.721829436450566179e-17
7.456292241811754138e+03 1.056667182778186261e-16
7.459810509681703479e+03 1.121153455413881252e-16
7.463328777551652820e+03 1.037101912836694000e-16
7.466847045421602161e+03 1.050541083161618539e-16
7.470365313291551502e+03 1.064758266483485953e-16
7.473883581161500842e+03 1.114269724530663960e-16
7.477401849031450183e+03 1.343645452553740441e-16
7.480920116901399524e+03 1.361479466560383718e-16
7.484438384771348865e+03 1.166390838148773264e-16
7.487956652641298206e+03 1.200558162007541612e-16
7.491474920511247547e+03 1.353593325123650165e-16
7.494993188381196887e+03 1.263116574420396015e-16
7.498511456251146228e+03 1.167247003169990150e-16
7.502029724121095569e+03 1.203698139612792905e-16
7.505547991991044910e+03 1.153185329803282705e-16
7.509066259860994251e+03 1.194055992997282781e-16
7.512584527730943591e+03 1.240498280099644034e-16
7.516102795600892932e+03 1.184136575440444881e-16
7.519621063470842273e+03 1.223906228151912376e-16
7.523139331340791614e+03 1.213333404085606589e-16
7.526657599210740955e+03 1.158720690113589557e-16
7.530175867080690296e+03 1.212904328958263082e-16
7.533694134950639636e+03 1.162224362490568166e-16
7.537212402820588977e+03 9.890689243291687720e-17
7.540730670690538318e+03 9.355767423021405741e-17
7.544248938560487659e+03 1.017361412954238505e-16
7.547767206430437000e+03 9.387265799002934992e-17
7.551285474300386340e+03 9.295879546672566537e-17
7.554803742170335681e+03 9.501958030528107513e-17
7.558322010040285022e+03 1.013785941300090294e-16
7.561840277910234363e+03 9.976484416425687751e-17
7.565358545780183704e+03 9.386149436048233426e-17
7.568876813650133045e+03 1.039085822817841182e-16
7.572395081520082385e+03 1.026073874735688031e-16
7.575913349390031726e+03 9.505611521857631726e-17
7.579431617259981067e+03 9.549803480647154719e-17
7.582949885129930408e+03 1.101197094478773919e-16
7.586468152999879749e+03 1.043281547582506155e-16
7.589986420869829089e+03 9.245074113449559578e-17
7.593504688739778430e+03 1.001848401571970020e-16
7.597022956609727771e+03 7.488828721423102788e-17
7.600541224479677112e+03 6.200698072930205208e-17
7.604059492349626453e+03 7.845980163632878526e-17
7.607577760219575794e+03 9.876221523505890245e-17
7.611096028089525134e+03 1.180018671827808897e-16
7.614614295959474475e+03 1.132334819713230051e-16
7.618132563829423816e+03 1.018745517729611235e-16
7.621650831699373157e+03 9.028800793980425047e-17
7.625169099569322498e+03 7.858898077822996649e-17
7.628687367439271839e+03 8.394605388802958983e-17
7.632205635309221179e+03 8.560687373935845922e-17
7.635723903179170520e+03 7.968993170375844462e-17
7.639242171049119861e+03 6.801417147845405221e-17
7.642760438919069202e+03 8.428386783275134591e-17
7.646278706789018543e+03 8.997787476710096891e-17
7.649796974658967883e+03 7.995337218524433288e-17
7.653315242528917224e+03 6.335478881939595537e-17
7.656833510398866565e+03 7.448891779704552569e-17
7.660351778268815906e+03 9.199815422542088200e-17
7.663870046138765247e+03 8.015696449505078447e-17
7.667388314008714588e+03 7.648374656227840723e-17
7.670906581878663928e+03 7.758815841148980724e-17
7.674424849748613269e+03 7.450753928699531945e-17
7.677943117618562610e+03 7.623651220335365790e-17
7.681461385488511951e+03 8.008831512165378360e-17
7.684979653358461292e+03 8.218065193749441604e-17
7.688497921228410632e+03 8.768166770876806705e-17
7.692016189098359973e+03 9.402669225497652453e-17
7.695534456968309314e+03 9.475244728954075016e-17
7.699052724838258655e+03 8.886014200130501494e-17
7.702570992708207996e+03 8.289824104505151819e-17
7.706089260578157337e+03 7.222923903456296554e-17
7.709607528448106677e+03 7.717844592792494200e-17
7.713125796318056018e+03 5.672303038565211638e-17
7.716644064188005359e+03 3.402276908364103151e-17
7.720162332057954700e+03 3.836978187361950339e-17
7.723680599927904041e+03 4.041907221038287628e-17
7.727198867797853381e+03 4.478015368821965006e-17
7.730717135667802722e+03 5.990878747472454420e-17
7.734235403537752063e+03 7.389098532817789432e-17
7.737753671407701404e+03 6.986398555613903736e-17
7.741271939277650745e+03 5.755154772207502975e-17
7.744790207147600086e+03 6.644246875759919580e-17
7.748308475017549426e+03 6.533513199774180829e-17
7.751826742887498767e+03 4.702035400163781151e-17
7.755345010757448108e+03 6.808954417586988409e-17
7.758863278627397449e+03 6.658149465751220827e-17
7.762381546497346790e+03 5.261632679851009989e-17
7.765899814367296131e+03 6.751544774353358076e-17
7.769418082237245471e+03 7.865197223623710465e-17
7.772936350107194812e+03 6.993956339434678239e-17
7.776454617977144153e+03 6.531533260259973902e-17
7.779972885847093494e+03 7.646325233542179342e-17
7.783491153717042835e+03 8.106171479672658487e-17
7.787009421586992175e+03 6.814335062035523343e-17
7.790527689456941516e+03 7.491060785588015878e-17
7.794045957326890857e+03 8.603109827958995478e-17
7.797564225196840198e+03 8.178903816573221104e-17
7.801082493066789539e+03 7.407374592143781047e-17
7.804600760936738880e+03 8.283511723814637154e-17
7.808119028806688220e+03 8.180890373532328456e-17
7.811637296676637561e+03 6.832854643333850569e-17
7.815155564546586902e+03 5.416487507965837193e-17
7.818673832416536243e+03 6.202762715739137565e-17
7.822192100286485584e+03 6.873900007073221845e-17
7.825710368156434924e+03 6.124997150247312285e-17
7.829228636026384265e+03 6.554639392618785156e-17
7.832746903896333606e+03 6.658340709908843087e-17
7.836265171766282947e+03 6.836396961589047655e-17
7.839783439636232288e+03 9.559130107489812616e-17
7.843301707506181629e+03 1.003688646824328992e-16
7.846819975376130969e+03 5.988673153087143027e-17
7.850338243246080310e+03 4.235562775582262212e-17
7.853856511116029651e+03 5.759847864130883833e-17
7.857374778985978992e+03 6.327062815515236012e-17
7.860893046855928333e+03 6.564236672957870404e-17
7.864411314725877673e+03 8.259591645733073721e-17
7.867929582595827014e+03 8.339155171004344262e-17
7.871447850465776355e+03 8.029026630512492999e-17
7.874966118335725696e+03 6.387742800018655995e-17
7.878484386205675037e+03 6.465696300945653324e-17
7.882002654075624378e+03 5.750172497941973579e-17
7.885520921945573718e+03 5.885864529114152323e-17
7.889039189815523059e+03 5.925261487328827925e-17
7.892557457685472400e+03 3.914981649997945870e-17
7.896075725555421741e+03 4.515181586360707603e-17
7.899593993425371082e+03 6.907090463715789570e-17
7.903112261295320423e+03 8.669713749137275224e-17
7.906630529165269763e+03 7.588365680637323757e-17
7.910148797035219104e+03 6.729007742255983305e-17
7.913667064905168445e+03 7.356993337138891280e-17
7.917185332775117786e+03 8.608906047947277053e-17
7.920703600645067127e+03 5.879965738729914172e-17
7.924221868515016467e+03 4.792731452991035360e-17
7.927740136384965808e+03 7.506713028010989289e-17
7.931258404254915149e+03 9.882408172743296850e-17
7.934776672124864490e+03 9.108618429135871878e-17
7.938294939994813831e+03 7.971829407260166284e-17
7.941813207864763172e+03 7.533988150657067802e-17
7.945331475734712512e+03 7.245295499431160719e-17
7.948849743604661853e+03 8.066509823661965916e-17
7.952368011474611194e+03 7.821552527527452555e-17
7.955886279344560535e+03 8.055402442396603861e-17
7.959404547214509876e+03 8.690785678933696072e-17
7.962922815084459216e+03 6.900282436402233131e-17
7.966441082954408557e+03 6.940742156267916863e-17
7.969959350824357898e+03 8.004940454563928918e-17
7.973477618694307239e+03 7.329700347391581621e-17
7.976995886564256580e+03 6.340371158954479164e-17
7.980514154434205921e+03 5.908099143979577707e-17
7.984032422304155261e+03 5.366371943373699459e-17
7.987550690174104602e+03 4.878517692574419818e-17
7.991068958044053943e+03 4.647423281761805158e-17
7.994587225914003284e+03 5.166890721211636411e-17
7.998105493783952625e+03 6.498583678611781619e-17
8.001623761653901965e+03 5.939457891873708008e-17
8.005142029523851306e+03 5.823593049112180315e-17
8.008660297393800647e+03 6.603634292917036049e-17
8.012178565263749988e+03 7.355295962521932467e-17
8.015696833133699329e+03 7.636379875601331780e-17
8.019215101003648670e+03 5.642277705818516819e-17
8.022733368873598010e+03 4.472052720094437761e-17
8.026251636743547351e+03 5.954358392555993227e-17
8.029769904613496692e+03 6.996605302628318055e-17
8.033288172483446033e+03 6.712405896489799018e-17
8.036806440353395374e+03 5.997681480830090520e-17
8.040324708223344714e+03 4.755890151996903592e-17
8.043842976093294055e+03 3.945612148080784485e-17
8.047361243963243396e+03 4.275324685883196210e-17
8.050879511833192737e+03 6.612865628553127838e-17
8.054397779703142078e+03 7.195662677444508932e-17
8.057916047573091419e+03 5.093679281300283080e-17
8.061434315443040759e+03 5.194479841618240053e-17
8.064952583312990100e+03 5.640030421530332753e-17
8.068470851182939441e+03 5.255877157148866022e-17
8.071989119052888782e+03 6.172658635398127697e-17
8.075507386922838123e+03 6.677492918939650869e-17
8.079025654792787464e+03 6.209902277042205257e-17
8.082543922662736804e+03 5.951361351760591097e-17
8.086062190532686145e+03 6.504670404431191818e-17
8.089580458402635486e+03 6.619980705310063961e-17
8.093098726272584827e+03 6.289265955477482987e-17
8.096616994142534168e+03 5.236313673917496875e-17
8.100135262012483508e+03 4.951414803853002998e-17
8.103653529882432849e+03 6.263791439588809904e-17
8.107171797752382190e+03 7.249524046722531797e-17
8.110690065622331531e+03 7.499541702972399560e-17
8.114208333492280872e+03 6.510741910127331041e-17
8.117726601362230213e+03 7.597775687285726999e-17
8.121244869232179553e+03 7.204122419005211256e-17
8.124763137102128894e+03 5.213778957925837253e-17
8.128281404972078235e+03 3.694220710269588653e-17
8.131799672842027576e+03 3.369561915137630906e-17
8.135317940711976917e+03 5.224158751124397665e-17
8.138836208581926257e+03 7.301552383763137153e-17
8.142354476451875598e+03 4.347257304567542560e-17
8.145872744321824939e+03 2.987434912384674072e-17
8.149391012191774280e+03 5.445175124225911257e-17
8.152909280061723621e+03 6.606322960780078410e-17
8.156427547931672962e+03 5.211669978236072053e-17
8.159945815801622302e+03 5.145799600825004332e-17
8.163464083671571643e+03 5.952310955103801973e-17
8.166982351541520984e+03 4.908672065496672910e-17
8.170500619411470325e+03 5.392599524492040818e-17
8.174018887281419666e+03 5.626270106604390627e-17
8.177537155151369006e+03 6.264087901120348910e-17
8.181055423021318347e+03 6.375745372414186882e-17
8.184573690891267688e+03 5.080105247448287896e-17
8.188091958761217029e+03 5.081649428215801888e-17
8.191610226631166370e+03 5.292464679131066521e-17
8.195128494501115711e+03 5.641666253909717620e-17
8.198646762371065051e+03 5.517070685218815231e-17
8.202165030241014392e+03 6.435535310578499807e-17
8.205683298110963733e+03 5.486741611751190940e-17
8.209201565980913074e+03 4.774129484503697853e-17
8.212719833850862415e+03 5.570782831114333531e-17
8.216238101720811756e+03 5.481501257134544999e-17
8.219756369590761096e+03 6.382663249313090363e-17
8.223274637460710437e+03 6.150810479314887088e-17
8.226792905330659778e+03 5.348137573950580517e-17
8.230311173200609119e+03 6.429254031879017136e-17
8.233829441070558460e+03 5.918677129652905825e-17
8.237347708940507800e+03 5.390871047884050011e-17
8.240865976810457141e+03 5.651072290091180609e-17
8.244384244680406482e+03 5.057229402172011405e-17
8.247902512550355823e+03 5.536773134793093287e-17
8.251420780420305164e+03 5.362013694162280067e-17
8.254939048290254505e+03 4.387193915413847758e-17
8.258457316160203845e+03 5.581598383059586878e-17
8.261975584030153186e+03 5.470824340659955539e-17
8.265493851900102527e+03 4.309555735736355644e-17
8.269012119770051868e+03 4.300701925331833057e-17
8.272530387640001209e+03 5.610917634435406433e-17
8.276048655509950549e+03 4.375435046698038938e-17
8.279566923379899890e+03 4.345785584821688214e-17
8.283085191249849231e+03 4.022760305963400185e-17
8.286603459119798572e+03 3.009676475567244901e-17
8.290121726989747913e+03 2.596586282689080624e-17
8.293639994859697254e+03 3.293783568349403020e-17
8.297158262729646594e+03 5.635139468004429211e-17
8.300676530599595935e+03 5.035722044501142643e-17
8.304194798469545276e+03 4.266035116731980688e-17
8.307713066339494617e+03 4.534079685507339094e-17
8.311231334209443958e+03 5.261032808470786533e-17
8.314749602079393298e+03 5.647814521966701765e-17
8.318267869949342639e+03 5.786798070232351517e-17
8.321786137819291980e+03 6.067107080513911154e-17
8.325304405689241321e+03 6.858603783185891257e-17
8.328822673559190662e+03 5.624868531774480777e-17
8.332340941429140003e+03 4.942512686100707315e-17
8.335859209299089343e+03 7.686115929728430185e-17
8.339377477169038684e+03 8.869325004091631608e-17
8.342895745038988025e+03 5.875329556832676963e-17
8.346414012908937366e+03 2.772352898433738411e-17
8.349932280778886707e+03 8.705802150337861226e-18
8.353450548648836048e+03 2.452623438008106666e-17
8.356968816518785388e+03 3.655401785866965107e-17
8.360487084388734729e+03 5.048490073564266157e-17
8.364005352258684070e+03 5.751058573814140382e-17
8.367523620128633411e+03 5.539820799041983662e-17
8.371041887998582752e+03 5.330951076927443750e-17
8.374560155868532092e+03 4.768399769836665541e-17
8.378078423738481433e+03 4.987669468356712159e-17
8.381596691608430774e+03 4.906159421667981833e-17
8.385114959478380115e+03 4.117210766154910076e-17
8.388633227348329456e+03 5.228682436458327663e-17
8.392151495218278797e+03 5.045506598530909896e-17
8.395669763088228137e+03 4.859421070080775600e-17
8.399188030958177478e+03 4.822194302921194121e-17
8.402706298828126819e+03 5.024531614302280263e-17
8.406224566698076160e+03 4.997532769980794461e-17
8.409742834568025501e+03 4.870800759203790112e-17
8.413261102437974841e+03 6.615878551216290986e-17
8.416779370307924182e+03 6.777021275475501286e-17
8.420297638177873523e+03 7.790097164937776061e-17
8.423815906047822864e+03 2.325585370404457697e-17
8.427334173917772205e+03 2.135802572090879819e-19
8.430852441787721546e+03 5.143541066880489546e-17
8.434370709657670886e+03 5.706701840646596826e-17
8.437888977527620227e+03 1.281716276432855127e-17
8.441407245397569568e+03 2.206790488477144670e-17
8.444925513267518909e+03 3.982762814624011085e-17
8.448443781137468250e+03 4.613093301107384382e-17
8.451962049007417590e+03 6.576073958395749252e-17
8.455480316877366931e+03 5.525472855008883865e-17
8.458998584747316272e+03 3.383909528298485682e-17
8.462516852617265613e+03 6.686599184867124640e-17
8.466035120487214954e+03 1.105402811585238533e-16
8.469553388357164295e+03 1.133589090219656458e-16
8.473071656227113635e+03 1.153567950467425233e-16
8.476589924097062976e+03 1.031677659426265270e-16
8.480108191967012317e+03 7.670863380977442397e-17
8.483626459836961658e+03 7.599550486008020776e-17
8.487144727706910999e+03 6.926546413467526823e-17
8.490662995576860339e+03 5.606461447039460763e-17
8.494181263446809680e+03 6.086023046761773790e-17
8.497699531316759021e+03 4.897802912247726126e-17
8.501217799186708362e+03 4.996790954407456906e-17
8.504736067056657703e+03 4.847004427341864612e-17
8.508254334926607044e+03 3.295605020058244787e-17
8.511772602796556384e+03 3.031711905341167516e-17
8.515290870666505725e+03 3.900175447905491696e-17
8.518809138536455066e+03 3.968809601179221593e-17
8.522327406406404407e+03 3.964844428194887400e-17
8.525845674276353748e+03 4.529449790182757288e-17
8.529363942146303089e+03 5.086827247978138820e-17
8.532882210016252429e+03 5.192309650563145930e-17
8.536400477886201770e+03 5.607353478612037948e-17
8.539918745756151111e+03 5.626998687287927334e-17
8.543437013626100452e+03 6.792943509650412005e-17
8.546955281496049793e+03 7.503236884204796445e-17
8.550473549365999133e+03 6.781552239998821750e-17
8.553991817235948474e+03 7.469706290894346915e-17
8.557510085105897815e+03 6.807647472219154625e-17
8.561028352975847156e+03 5.782996348137057802e-17
8.564546620845796497e+03 5.887099344332571483e-17
8.568064888715745838e+03 5.838629869159414273e-17
8.571583156585695178e+03 5.750458371561671905e-17
8.575101424455644519e+03 4.579004857191829091e-17
8.578619692325593860e+03 4.991275975827443360e-17
8.582137960195543201e+03 6.535802835709727610e-17
8.585656228065492542e+03 6.269335534926385317e-17
8.589174495935441882e+03 5.676300637029557910e-17
8.592692763805391223e+03 4.226699369882634010e-17
8.596211031675340564e+03 6.223039890403017464e-17
8.599729299545289905e+03 6.459362744431457301e-17
8.603247567415239246e+03 5.660631850994333439e-17
8.606765835285188587e+03 6.104447998598024950e-17
8.610284103155137927e+03 5.385160192934983908e-17
8.613802371025087268e+03 4.772760335153800081e-17
8.617320638895036609e+03 5.219319082796472411e-17
8.620838906764985950e+03 6.213589517340721634e-17
8.624357174634935291e+03 5.550453047763495259e-17
8.627875442504884631e+03 6.248762560475456455e-17
8.631393710374833972e+03 8.241381099111596306e-17
8.634911978244783313e+03 8.792025306720796193e-17
8.638430246114732654e+03 7.857679144472338507e-17
8.641948513984681995e+03 9.056287013118827093e-17
8.645466781854631336e+03 1.022412971867875343e-16
8.648985049724580676e+03 9.174844494210337401e-17
8.652503317594530017e+03 8.298031059670657938e-17
8.656021585464479358e+03 1.002847437228587065e-16
8.659539853334428699e+03 9.795239879792458793e-17
8.663058121204378040e+03 6.361263755994098516e-17
8.666576389074327381e+03 6.728804586697540282e-17
8.670094656944276721e+03 7.477432157815592194e-17
8.673612924814226062e+03 6.326431511271735542e-17
8.677131192684175403e+03 6.206936338237835121e-17
8.680649460554124744e+03 6.563622574071111037e-17
8.684167728424074085e+03 6.248444923120236093e-17
8.687685996294023425e+03 7.428920330995072269e-17
8.691204264163972766e+03 7.519137942556025807e-17
8.694722532033922107e+03 6.092796663361848023e-17
8.698240799903871448e+03 5.645747893924299280e-17
8.701759067773820789e+03 6.739030524302165831e-17
8.705277335643770130e+03 5.682463463465322988e-17
8.708795603513719470e+03 5.007233282460326327e-17
8.712313871383668811e+03 6.473545914086536535e-17
8.715832139253618152e+03 7.541007274462947774e-17
8.719350407123567493e+03 7.222645309025988694e-17
8.722868674993516834e+03 7.604985393504739189e-17
8.726386942863466174e+03 6.969661052227260753e-17
8.729905210733415515e+03 7.609078283175651570e-17
8.733423478603364856e+03 9.140423192816290771e-17
8.736941746473314197e+03 8.766618950514597480e-17
8.740460014343263538e+03 7.973363330988084618e-17
8.743978282213212879e+03 7.117048093771959224e-17
8.747496550083162219e+03 6.332689628914066728e-17
8.751014817953111560e+03 5.651622861506895904e-17
8.754533085823060901e+03 3.058907618648440939e-17
8.758051353693010242e+03 4.066260741760828847e-17
8.761569621562959583e+03 7.146571824195201888e-17
8.765087889432908923e+03 5.485320184586579817e-17
8.768606157302858264e+03 6.538538487431562983e-17
8.772124425172807605e+03 6.091929778079892450e-17
8.775642693042756946e+03 9.738619035990959028e-17
8.779160960912706287e+03 9.587399832104424890e-17
8.782679228782655628e+03 4.996863746301361572e-17
8.786197496652604968e+03 4.266679986737527029e-17
8.789715764522554309e+03 5.857985895493155121e-17
8.793234032392503650e+03 7.082349521436584819e-17
8.796752300262452991e+03 6.759191231935798264e-17
8.800270568132402332e+03 6.319419004910755994e-17
8.803788836002351673e+03 7.981566315686650483e-17
8.807307103872301013e+03 9.111999943479988655e-17
8.810825371742250354e+03 9.557551185136571397e-17
8.814343639612199695e+03 9.486943048049044955e-17
8.817861907482149036e+03 7.658935436544427738e-17
8.821380175352098377e+03 5.636012308986795166e-17
8.824898443222047717e+03 1.046840806496648327e-16
8.828416711091997058e+03 1.098723361226097337e-16
8.831934978961946399e+03 1.476347192724315489e-16
8.835453246831895740e+03 1.473073013336483592e-16
8.838971514701845081e+03 9.778716781620589555e-17
8.842489782571794422e+03 9.425913000710392530e-17
8.846008050441743762e+03 9.203150614771902008e-17
8.849526318311693103e+03 7.763536726340943364e-17
8.853044586181642444e+03 6.427783635622142874e-17
8.856562854051591785e+03 5.611577393691978728e-17
8.860081121921541126e+03 5.896439867809520272e-17
8.863599389791490466e+03 7.638477605634766258e-17
8.867117657661439807e+03 6.988008579958176949e-17
8.870635925531389148e+03 7.009812399160584716e-17
8.874154193401338489e+03 7.903251502268089992e-17
8.877672461271287830e+03 8.603898627391126045e-17
8.881190729141237171e+03 1.083121212861020137e-16
8.884708997011186511e+03 7.709194930563149700e-17
8.888227264881135852e+03 6.440003409375266242e-17
8.891745532751085193e+03 7.948551221333944000e-17
8.895263800621034534e+03 9.443858187791362934e-17
8.898782068490983875e+03 8.456496365723156598e-17
8.902300336360933215e+03 7.254442131772527078e-17
8.905818604230882556e+03 9.000732901435275712e-17
8.909336872100831897e+03 5.838966697104845866e-17
8.912855139970781238e+03 5.589549243107446580e-17
8.916373407840730579e+03 8.113706764180771548e-17
8.919891675710679920e+03 1.277327537344057030e-16
8.923409943580629260e+03 1.291421900888572571e-16
8.926928211450578601e+03 1.121018459537912598e-16
8.930446479320527942e+03 9.011372429346177775e-17
8.933964747190477283e+03 7.512707771346283591e-17
8.937483015060426624e+03 7.570867832831622030e-17
8.941001282930375964e+03 8.094205154059221368e-17
8.944519550800325305e+03 8.550922672240779941e-17
8.948037818670274646e+03 9.218469337971894038e-17
8.951556086540223987e+03 9.155100685605431694e-17
8.955074354410173328e+03 9.963489739874724707e-17
8.958592622280122669e+03 1.176853680280834000e-16
8.962110890150072009e+03 1.112715419072452319e-16
8.965629158020021350e+03 9.366906568022289833e-17
8.969147425889970691e+03 4.630808862850310066e-17
8.972665693759920032e+03 4.884487951363582550e-17
8.976183961629869373e+03 6.543987291562572287e-17
8.979702229499818714e+03 7.194785204250712680e-17
8.983220497369768054e+03 7.241339590869687120e-17
8.986738765239717395e+03 6.164317346101142966e-17
8.990257033109666736e+03 5.983050310155252566e-17
8.993775300979616077e+03 5.826729717994981396e-17
8.997293568849565418e+03 3.983966858723643272e-17
9.000811836719514758e+03 5.160775540379154388e-17
9.004330104589464099e+03 8.598692021743472268e-17
9.007848372459413440e+03 1.103215150475607290e-16
9.011366640329362781e+03 7.122584248175654127e-17
9.014884908199312122e+03 5.807159948190956846e-17
9.018403176069261463e+03 6.759997236724669934e-17
9.021921443939210803e+03 5.747633384333680805e-17
9.025439711809160144e+03 6.393010286159393676e-17
9.028957979679109485e+03 6.905025820906857213e-17
9.032476247549058826e+03 5.322505562873277338e-17
9.035994515419008167e+03 5.523103478862286973e-17
9.039512783288957507e+03 6.639110415028210300e-17
9.043031051158906848e+03 7.600247302956035446e-17
9.046549319028856189e+03 8.585052144314717863e-17
9.050067586898805530e+03 9.410718023730038433e-17
9.053585854768754871e+03 6.010073308150624917e-17
9.057104122638704212e+03 4.291726353941142664e-17
9.060622390508653552e+03 5.658166191024435374e-17
9.064140658378602893e+03 7.284886348781418751e-17
9.067658926248552234e+03 5.843245536977460168e-17
9.071177194118501575e+03 3.873866141342630098e-17
9.074695461988450916e+03 6.469689928943059341e-17
9.078213729858400256e+03 8.811309864649612459e-17
9.081731997728349597e+03 8.174915482531735426e-17
9.085250265598298938e+03 6.974593695656036967e-17
9.088768533468248279e+03 5.533016742195367478e-17
9.092286801338197620e+03 3.369899735699797563e-17
9.095805069208146961e+03 4.320439447364083361e-17
9.099323337078096301e+03 4.405073258918058940e-17
9.102841604948045642e+03 6.783748569961272549e-17
9.106359872817994983e+03 6.607058820653005583e-17
9.109878140687944324e+03 5.128136647769037022e-17
9.113396408557893665e+03 5.366917882577984457e-17
9.116914676427843006e+03 6.103344870533124232e-17
9.120432944297792346e+03 5.720241132912864783e-17
9.123951212167741687e+03 5.628435334575809432e-17
9.127469480037691028e+03 5.999638921031636004e-17
9.130987747907640369e+03 5.748359979783747385e-17
9.134506015777589710e+03 5.660498840351834912e-17
9.138024283647539050e+03 6.029373086202712158e-17
9.141542551517488391e+03 5.971568381508526500e-17
9.145060819387437732e+03 7.014849598218787633e-17
9.148579087257387073e+03 5.448840857828501254e-17
9.152097355127336414e+03 4.381428466544353155e-17
9.155615622997285755e+03 4.584426860670991677e-17
9.159133890867235095e+03 2.860682387528478408e-17
9.162652158737184436e+03 2.951712952195449061e-17
9.166170426607133777e+03 3.494578353324200276e-17
9.169688694477083118e+03 3.687712453210021432e-17
9.173206962347032459e+03 4.860107629989194613e-17
9.176725230216981799e+03 5.183360218079812213e-17
9.180243498086931140e+03 6.416857572347052442e-17
9.183761765956880481e+03 5.991536521495556588e-17
9.187280033826829822e+03 6.686151845591855962e-17
9.190798301696779163e+03 6.324585905889007226e-17
9.194316569566728504e+03 4.411596736100897138e-17
9.197834837436677844e+03 3.792685643409940898e-17
9.201353105306627185e+03 3.842925285093961587e-17
9.204871373176576526e+03 4.454053269965283879e-17
9.208389641046525867e+03 4.038514126165595108e-17
9.211907908916475208e+03 5.166191257285661571e-17
9.215426176786424548e+03 7.016680645222735015e-17
9.218944444656373889e+03 9.424167318745660621e-17
9.222462712526323230e+03 7.056931253829565342e-17
9.225980980396272571e+03 8.094050305848551441e-17
9.229499248266221912e+03 8.338216817317464107e-17
9.233017516136171253e+03 6.865049836263394491e-17
9.236535784006120593e+03 4.154065302038842692e-17
9.240054051876069934e+03 4.338320776101764671e-17
9.243572319746019275e+03 6.469453024415624154e-17
9.247090587615968616e+03 6.791436055702095367e-17
9.250608855485917957e+03 6.365890011723985089e-17
9.254127123355867298e+03 5.411678279884453891e-17
9.257645391225816638e+03 7.460447823734163387e-17
9.261163659095765979e+03 6.854233622573651101e-17
9.264681926965715320e+03 4.680426464713690878e-17
9.268200194835664661e+03 6.082387422533480723e-17
9.271718462705614002e+03 6.092087273268522547e-17
9.275236730575563342e+03 5.724537178142220187e-17
9.278754998445512683e+03 4.084063984648685151e-17
9.282273266315462024e+03 3.628543562249613320e-17
9.285791534185411365e+03 5.223435464396781298e-17
9.289309802055360706e+03 5.444366141586834396e-17
9.292828069925310047e+03 5.682435670196741206e-17
9.296346337795259387e+03 9.511465313616546992e-17
9.299864605665208728e+03 1.361462922948132657e-16
9.303382873535158069e+03 1.497616322378768979e-16
9.306901141405107410e+03 1.299641826246083522e-16
9.310419409275056751e+03 9.671723285492570574e-17
9.313937677145006091e+03 5.969851816301356457e-17
9.317455945014955432e+03 1.322225842202251304e-16
9.320974212884904773e+03 1.281794445000741388e-16
9.324492480754854114e+03 1.445674541517461172e-16
9.328010748624803455e+03 2.072160358688137000e-16
9.331529016494752796e+03 1.918933157321018137e-16
9.335047284364702136e+03 8.863563194816832238e-17
9.338565552234651477e+03 8.251736076891780128e-17
9.342083820104600818e+03 6.846303276604982714e-17
9.345602087974550159e+03 1.613541847110033561e-17
9.349120355844499500e+03 5.898633550794010901e-17
9.352638623714448840e+03 6.583092420457139181e-17
9.356156891584398181e+03 1.011727254191568319e-16
9.359675159454347522e+03 6.370287303860316984e-17
9.363193427324296863e+03 -2.144678654333395396e-17
9.366711695194246204e+03 1.489372090318958157e-18
9.370229963064195545e+03 4.145453690117675632e-17
9.373748230934144885e+03 -5.784460788693521682e-17
9.377266498804094226e+03 -1.782063485654359898e-16
9.380784766674043567e+03 -2.695899671527340761e-16
9.384303034543992908e+03 -1.750294985571995330e-16
9.387821302413942249e+03 -6.333657099358508749e-17
9.391339570283891589e+03 1.434984158542499348e-17
9.394857838153840930e+03 5.916671382103587244e-17
9.398376106023790271e+03 7.542441936517359745e-17
9.401894373893739612e+03 7.946005490280750802e-17
9.405412641763688953e+03 8.428414576543716372e-17
9.408930909633638294e+03 5.960251888984311039e-17
9.412449177503587634e+03 -1.575488230210144076e-17
9.415967445373536975e+03 -2.850687729623122685e-17
9.419485713243486316e+03 3.148822151232955047e-17
9.423003981113435657e+03 1.241190994231820442e-16
9.426522248983384998e+03 9.269923942539632614e-17
9.430040516853334339e+03 1.442742947252124237e-17
9.433558784723283679e+03 3.429416114895781545e-19
9.437077052593233020e+03 1.489199230250449888e-17
9.440595320463182361e+03 8.442287388032965710e-17
9.444113588333131702e+03 1.706690523540731999e-16
9.447631856203081043e+03 1.628789829824040056e-16
9.451150124073030383e+03 1.038864535460370996e-16
9.454668391942979724e+03 9.903857296899041878e-17
9.458186659812929065e+03 9.395781788845290923e-17
9.461704927682878406e+03 5.891878463039657856e-17
9.465223195552827747e+03 5.700807020729298930e-17
9.468741463422777088e+03 3.838409871566157120e-17
9.472259731292726428e+03 3.067956312805281019e-17
9.475777999162675769e+03 -5.370568871686155697e-19
9.479296267032625110e+03 -4.285426556735696462e-19
9.482814534902574451e+03 -3.124459366087553233e-17
9.486332802772523792e+03 -2.580890034257519392e-17
9.489851070642473132e+03 -7.262541553458401304e-18
9.493369338512422473e+03 4.011470944963276464e-17
9.496887606382371814e+03 6.588782761327013969e-17
9.500405874252321155e+03 1.004805274476826575e-16
9.503924142122270496e+03 1.162570057812166327e-16
9.507442409992219837e+03 8.053032735377761947e-17
9.510960677862169177e+03 6.228574721317732283e-17
9.514478945732118518e+03 5.524636409973470244e-17
9.517997213602067859e+03 4.833280177490629798e-17
9.521515481472017200e+03 6.211071579556110217e-17
9.525033749341966541e+03 7.886337313102605683e-17
9.528552017211915881e+03 4.707358141969437374e-17
9.532070285081865222e+03 4.702117787352791433e-17
9.535588552951814563e+03 2.959946046268311856e-17
9.539106820821763904e+03 1.887313814446709131e-17
9.542625088691713245e+03 4.011831264838104563e-17
9.546143356561662586e+03 7.156265719229833329e-17
9.549661624431611926e+03 8.302311223032252325e-17
9.553179892301561267e+03 6.966306007662745672e-17
9.556698160171510608e+03 6.588612692993073066e-17
9.560216428041459949e+03 9.227268554455988125e-17
9.563734695911409290e+03 6.805503420071417177e-17
9.567252963781358631e+03 4.646954766662855123e-17
9.570771231651307971e+03 2.653757036161805643e-17
9.574289499521257312e+03 1.036280787186224861e-17
9.577807767391206653e+03 1.953719377714098661e-17
9.581326035261155994e+03 3.446956572842787409e-17
9.584844303131105335e+03 2.983295369727213700e-17
9.588362571001054675e+03 4.681149089696817203e-17
9.591880838871004016e+03 3.897312741241568178e-17
9.595399106740953357e+03 2.698879407704328281e-17
9.598917374610902698e+03 2.445704899364713143e-17
9.602435642480852039e+03 5.658021268981116084e-17
9.605953910350801380e+03 8.826536605365488592e-17
9.609472178220750720e+03 5.744347161196130137e-17
9.612990446090700061e+03 4.638738216202243389e-17
9.616508713960649402e+03 7.447410795535837629e-17
9.620026981830598743e+03 7.762537492160979306e-17
9.623545249700548084e+03 7.013550593784834359e-17
9.627063517570497424e+03 8.180932063435201128e-17
9.630581785440446765e+03 9.450644377536747973e-17
9.634100053310396106e+03 4.420384372056415483e-17
9.637618321180345447e+03 4.834074270878680705e-17
9.641136589050294788e+03 4.481723454071917718e-17
9.644654856920244129e+03 3.175380273724072596e-17
9.648173124790193469e+03 2.381400871161575835e-17
9.651691392660142810e+03 2.242470262455129477e-17
9.655209660530092151e+03 3.319688218156603677e-17
9.658727928400041492e+03 4.570801541621018205e-17
9.662246196269990833e+03 4.323884158306999189e-17
9.665764464139940173e+03 6.580399782127156565e-17
9.669282732009889514e+03 8.182112615605436809e-17
9.672800999879838855e+03 7.250374388392236309e-17
9.676319267749788196e+03 4.588619012015410421e-17
9.679837535619737537e+03 4.769104858590805741e-17
9.683355803489686878e+03 5.561838030842430110e-17
9.686874071359636218e+03 3.455023899920894577e-17
9.690392339229585559e+03 3.392555881805379969e-17
9.693910607099534900e+03 9.451752799557569030e-18
9.697428874969484241e+03 6.399437148646685680e-17
9.700947142839433582e+03 1.053403657476644048e-16
9.704465410709382923e+03 3.011120071172272445e-17
9.707983678579332263e+03 3.313516127297978005e-17
9.711501946449281604e+03 3.978169315246381612e-17
9.715020214319230945e+03 1.404662364264265523e-17
9.718538482189180286e+03 1.136061632332250964e-16
9.722056750059129627e+03 1.048136369859253381e-16
9.725575017929078967e+03 3.791821735978190516e-17
9.729093285799028308e+03 8.775827786838027826e-17
9.732611553668977649e+03 1.073913832375467884e-16
9.736129821538926990e+03 4.947063833830974073e-17
9.739648089408876331e+03 -8.244241985978172208e-18
9.743166357278825672e+03 4.483752031806142763e-17
9.746684625148775012e+03 6.199060255317350213e-17
9.750202893018724353e+03 3.276992132786821579e-17
9.753721160888673694e+03 3.598517898630673479e-17
9.757239428758623035e+03 4.675650654729054717e-17
9.760757696628572376e+03 5.327762130229929318e-17
9.764275964498521716e+03 6.978411299619091701e-17
9.767794232368471057e+03 6.380516550187392746e-17
9.771312500238420398e+03 7.080374875878298231e-17
9.774830768108369739e+03 5.910807664177321341e-17
9.778349035978319080e+03 2.419347120017955937e-17
9.781867303848268421e+03 3.118529639148405599e-18
9.785385571718217761e+03 2.736614394632262340e-17
9.788903839588167102e+03 5.683113958299034689e-17
9.792422107458116443e+03 5.225177175894572953e-17
9.795940375328065784e+03 9.625452787259824333e-17
9.799458643198015125e+03 1.080092408330095971e-16
9.802976911067964465e+03 9.816188725113731751e-17
9.806495178937913806e+03 5.808149917948060310e-17
9.810013446807863147e+03 3.240869486308875882e-17
9.813531714677812488e+03 3.336530608044918384e-17
9.817049982547761829e+03 5.889181192498244943e-17
9.820568250417711170e+03 9.877506631305552629e-17
9.824086518287660510e+03 4.271353226326206614e-17
9.827604786157609851e+03 3.878707133159535437e-17
9.831123054027559192e+03 5.721188751022605531e-17
9.834641321897508533e+03 4.510049757840428619e-17
9.838159589767457874e+03 4.688950395489927317e-17
9.841677857637407214e+03 8.851869507933292597e-17
9.845196125507356555e+03 3.623942452810348359e-17
9.848714393377305896e+03 2.873212188575186650e-17
9.852232661247255237e+03 2.138403000462078086e-17
9.855750929117204578e+03 1.223789976188624173e-17
9.859269196987153919e+03 8.196689854104336306e-18
9.862787464857103259e+03 -3.220862965141423333e-17
9.866305732727052600e+03 1.456387787764553961e-17
9.869824000597001941e+03 1.347941233085299829e-16
9.873342268466951282e+03 1.391734689342919275e-16
9.876860536336900623e+03 1.255064599814457831e-16
9.880378804206849964e+03 1.613998252284815820e-16
9.883897072076799304e+03 7.374863085347996847e-17
9.887415339946748645e+03 6.608069966233790405e-17
9.890933607816697986e+03 1.120023725220480829e-16
9.894451875686647327e+03 8.980809098329078466e-17
9.897970143556596668e+03 9.655744141291516206e-17
9.901488411426546008e+03 7.999586279894995680e-17
9.905006679296495349e+03 9.223339777418606265e-17
9.908524947166444690e+03 1.301490740351262049e-16
9.912043215036394031e+03 1.490854881877311526e-16
9.915561482906343372e+03 1.474946676685589706e-16
9.919079750776292713e+03 2.012021151781979685e-16
9.922598018646242053e+03 1.881994050491258099e-16
9.926116286516191394e+03 1.143935200623673711e-16
9.929634554386140735e+03 9.409153659755578147e-17
9.933152822256090076e+03 1.131553696517183976e-16
9.936671090126039417e+03 8.903183988105264690e-18
9.940189357995988757e+03 -3.036122432367300260e-17
9.943707625865938098e+03 8.961934160239598459e-17
9.947225893735887439e+03 1.254330725175000784e-16
9.950744161605836780e+03 1.544620827599870274e-16
9.954262429475786121e+03 2.539869320500402197e-16
9.957780697345735462e+03 2.370493435993880097e-16
9.961298965215684802e+03 2.341861075398724576e-16
9.964817233085634143e+03 2.314736698147477727e-16
9.968335500955583484e+03 1.522244599413575812e-16
9.971853768825532825e+03 6.839106143531281331e-17
9.975372036695482166e+03 6.031865215952211920e-17
9.978890304565431506e+03 6.798574955260673017e-17
9.982408572435380847e+03 6.882457025073960405e-17
9.985926840305330188e+03 5.915355172312892866e-17
9.989445108175279529e+03 2.655285500497681127e-17
9.992963376045228870e+03 4.777147701122781340e-17
9.996481643915178211e+03 9.143913233256774505e-17
9.999999911785127551e+03 1.072867680511159819e-16
