6.002515625000000000e+03 4.119085819167445279e-17
6.006720698833465576e+03 4.461152133982213962e-17
6.010925772666931152e+03 4.317864268681083275e-17
6.015130846500396729e+03 5.089064275226727228e-17
6.019335920333862305e+03 4.790199949444378074e-17
6.023540994167327881e+03 4.833300029825331071e-17
6.027746068000793457e+03 4.577066276708249815e-17
6.031951141834259033e+03 4.480680875627855882e-17
6.036156215667724609e+03 4.496372822720231838e-17
6.040361289501190186e+03 4.356764918528227061e-17
6.044566363334655762e+03 5.209454457683410024e-17
6.048771437168121338e+03 4.792829391175561639e-17
6.052976511001586914e+03 4.846798293933216397e-17
6.057181584835052490e+03 5.018872044551192448e-17
6.061386658668518066e+03 5.144952898749995053e-17
6.065591732501983643e+03 4.946807076968837613e-17
6.069796806335449219e+03 4.677891652444583380e-17
6.074001880168914795e+03 4.295259407773479156e-17
6.078206954002380371e+03 4.677766913608210383e-17
6.082412027835845947e+03 4.588786764243636175e-17
6.086617101669311523e+03 4.657636977093364923e-17
6.090822175502777100e+03 4.783436589883899499e-17
6.095027249336242676e+03 4.609770682022881381e-17
6.099232323169708252e+03 4.327073105004513622e-17
6.103437397003173828e+03 4.709976664916535238e-17
6.107642470836639404e+03 4.286205419660718736e-17
6.111847544670104980e+03 4.508733548049734241e-17
6.116052618503570557e+03 4.518879083698819636e-17
6.120257692337036133e+03 4.704073242320866790e-17
6.124462766170501709e+03 3.707365602819791327e-17
6.128667840003967285e+03 3.958970453229025840e-17
6.132872913837432861e+03 4.105103819837338942e-17
6.137077987670898438e+03 3.801805805971705560e-17
6.141283061504364014e+03 3.899025005109552945e-17
6.145488135337830499e+03 3.940391314926594796e-17
6.149693209171296076e+03 3.514351609558912870e-17
6.153898283004761652e+03 3.818456620830152986e-17
6.158103356838227228e+03 3.953679806031136675e-17
6.162308430671692804e+03 4.160085853409248649e-17
6.166513504505158380e+03 4.160284707628506397e-17
6.170718578338623956e+03 3.772237407795385033e-17
6.174923652172089533e+03 4.293158699889839487e-17
6.179128726005555109e+03 4.103271780216656496e-17
6.183333799839020685e+03 3.866428464146798294e-17
6.187538873672486261e+03 4.219702083644925438e-17
6.191743947505951837e+03 3.919901389409166258e-17
6.195949021339417413e+03 3.958237902078548878e-17
6.200154095172882990e+03 3.424713686171236495e-17
6.204359169006348566e+03 3.500570118809289387e-17
6.208564242839814142e+03 3.912138795668723625e-17
6.212769316673279718e+03 3.881424586907894644e-17
6.216974390506745294e+03 3.562498815165419420e-17
6.221179464340210870e+03 3.804156984144826286e-17
6.225384538173676447e+03 4.338993770248137814e-17
6.229589612007142023e+03 3.777249460562966338e-17
6.233794685840607599e+03 3.795600627888577768e-17
6.237999759674073175e+03 4.269998304482844754e-17
6.242204833507538751e+03 4.480735800420529403e-17
6.246409907341004327e+03 3.703207862188854789e-17
6.250614981174469904e+03 4.165883727758755331e-17
6.254820055007935480e+03 3.735513566448235795e-17
6.259025128841401056e+03 3.560222744991918509e-17
6.263230202674866632e+03 3.910135695097365213e-17
6.267435276508332208e+03 4.257426482661018819e-17
6.271640350341797784e+03 4.112925308837395350e-17
6.275845424175263361e+03 3.657921047140556608e-17
6.280050498008728937e+03 3.860934661390466106e-17
6.284255571842194513e+03 3.954160232530907473e-17
6.288460645675660089e+03 3.938270092963763811e-17
6.292665719509125665e+03 4.294450425134402295e-17
6.296870793342591242e+03 4.221528829309687545e-17
6.301075867176056818e+03 3.957945741886195149e-17
6.305280941009522394e+03 3.808022564583409095e-17
6.309486014842987970e+03 4.008604929576902733e-17
6.313691088676453546e+03 3.779458694542972964e-17
6.317896162509919122e+03 4.182036249016200813e-17
6.322101236343384699e+03 4.518124694980171275e-17
6.326306310176850275e+03 4.261738078885890220e-17
6.330511384010315851e+03 4.234163847730312532e-17
6.334716457843781427e+03 4.512790703518184331e-17
6.338921531677247003e+03 4.510689995634544662e-17
6.343126605510712579e+03 4.450237982107944294e-17
6.347331679344178156e+03 4.892641305225395234e-17
6.351536753177643732e+03 5.012173866822983051e-17
6.355741827011109308e+03 4.865940245924428522e-17
6.359946900844574884e+03 4.940256468261907676e-17
6.364151974678040460e+03 5.002616622025545369e-17
6.368357048511506036e+03 5.133392884253443981e-17
6.372562122344971613e+03 5.550960274915112775e-17
6.376767196178437189e+03 5.127749858114607226e-17
6.380972270011902765e+03 5.434185864352021774e-17
6.385177343845368341e+03 5.276891515174653179e-17
6.389382417678833917e+03 5.648067970106388012e-17
6.393587491512299493e+03 5.682689118336427454e-17
6.397792565345765979e+03 5.424587922268446483e-17
6.401997639179231555e+03 6.056433803634016927e-17
6.406202713012697131e+03 5.980039372725559545e-17
6.410407786846162708e+03 5.606495857752942969e-17
6.414612860679628284e+03 5.917931343612628015e-17
6.418817934513093860e+03 5.242925493989755736e-17
6.423023008346559436e+03 5.765562689546890190e-17
6.427228082180025012e+03 6.093408777015137264e-17
6.431433156013490589e+03 6.043509271998998380e-17
6.435638229846956165e+03 5.782544376650358827e-17
6.439843303680421741e+03 5.771610372441387886e-17
6.444048377513887317e+03 6.170751487777825436e-17
6.448253451347352893e+03 5.968219292644421801e-17
6.452458525180818469e+03 5.975734063073343547e-17
6.456663599014284046e+03 6.350376735643920587e-17
6.460868672847749622e+03 5.987012836161626590e-17
6.465073746681215198e+03 5.788361110717831718e-17
6.469278820514680774e+03 5.594084839842197341e-17
6.473483894348146350e+03 6.154717418784097548e-17
6.477688968181611926e+03 5.502045445700157016e-17
6.481894042015077503e+03 4.739236359288250976e-17
6.486099115848543079e+03 4.544265918442562098e-17
6.490304189682008655e+03 4.089046258914214547e-17
6.494509263515474231e+03 4.162705368973081577e-17
6.498714337348939807e+03 4.459678759875134509e-17
6.502919411182405383e+03 3.644307308619158879e-17
6.507124485015870960e+03 3.875592632717150777e-17
6.511329558849336536e+03 3.553505376673497882e-17
6.515534632682802112e+03 3.305101384362598566e-17
6.519739706516267688e+03 3.763739946798750290e-17
6.523944780349733264e+03 3.643019222969291304e-17
6.528149854183198840e+03 3.421665691050101098e-17
6.532354928016664417e+03 3.221140566954996129e-17
6.536560001850129993e+03 3.679227234486452474e-17
6.540765075683595569e+03 3.735904326569605845e-17
6.544970149517061145e+03 3.305880257627378496e-17
6.549175223350526721e+03 3.459527402047878281e-17
6.553380297183992298e+03 3.325001033794909263e-17
6.557585371017457874e+03 3.392097292873780571e-17
6.561790444850923450e+03 3.564621029744985468e-17
6.565995518684389026e+03 3.508638107631886598e-17
6.570200592517854602e+03 3.935745868606496992e-17
6.574405666351320178e+03 4.414804211644132758e-17
6.578610740184785755e+03 3.646533747955906608e-17
6.582815814018251331e+03 4.377633692766204885e-17
6.587020887851716907e+03 4.619501965621200220e-17
6.591225961685182483e+03 4.959879839369625662e-17
6.595431035518648059e+03 5.805058909435072156e-17
6.599636109352113635e+03 5.930807567899873465e-17
6.603841183185579212e+03 6.373799181868972119e-17
6.608046257019044788e+03 7.540779634358373180e-17
6.612251330852510364e+03 8.045351867081839553e-17
6.616456404685975940e+03 9.655186952430900487e-17
6.620661478519441516e+03 1.127863809240707430e-16
6.624866552352907092e+03 1.244811265987944525e-16
6.629071626186372669e+03 1.377488918659082028e-16
6.633276700019838245e+03 1.520239116562053247e-16
6.637481773853303821e+03 1.646562566290905405e-16
6.641686847686769397e+03 1.800788075395702266e-16
6.645891921520234973e+03 1.897960489198103652e-16
6.650096995353700549e+03 1.943626285315849128e-16
6.654302069187166126e+03 2.021608241255918280e-16
6.658507143020631702e+03 2.043423839510248802e-16
6.662712216854097278e+03 2.110380073455027134e-16
6.666917290687562854e+03 2.127591650594336508e-16
6.671122364521028430e+03 2.000606191677645911e-16
6.675327438354494006e+03 2.063152692689679550e-16
6.679532512187959583e+03 2.040800287305026615e-16
6.683737586021425159e+03 1.987359390475976705e-16
6.687942659854890735e+03 1.933422847023885021e-16
6.692147733688356311e+03 1.961438461754321004e-16
6.696352807521822797e+03 2.048295867143737131e-16
6.700557881355288373e+03 2.027057045386927584e-16
6.704762955188753949e+03 2.108529174116378479e-16
6.708968029022219525e+03 2.062790453755830328e-16
6.713173102855685102e+03 2.123541906664174893e-16
6.717378176689150678e+03 2.378395459298374669e-16
6.721583250522616254e+03 2.569036635341308012e-16
6.725788324356081830e+03 2.635355079946583457e-16
6.729993398189547406e+03 2.531766656266526763e-16
6.734198472023012982e+03 2.128340613008166521e-16
6.738403545856478559e+03 2.187066068985797206e-16
6.742608619689944135e+03 2.159898413644901582e-16
6.746813693523409711e+03 2.165552755614518063e-16
6.751018767356875287e+03 2.123549053504667351e-16
6.755223841190340863e+03 2.016262933963151611e-16
6.759428915023806439e+03 2.001019914332820434e-16
6.763633988857272016e+03 1.951122791596845703e-16
6.767839062690737592e+03 1.904312706906918871e-16
6.772044136524203168e+03 1.815950097500452251e-16
6.776249210357668744e+03 1.736580331015866131e-16
6.780454284191134320e+03 1.672776780170547907e-16
6.784659358024599896e+03 1.636197000598880904e-16
6.788864431858065473e+03 1.503997127449554030e-16
6.793069505691531049e+03 1.446902739290979907e-16
6.797274579524996625e+03 1.473444781390989425e-16
6.801479653358462201e+03 1.403001551030381554e-16
6.805684727191927777e+03 1.335190343204468414e-16
6.809889801025393353e+03 1.275294393572850692e-16
6.814094874858858930e+03 1.224591133699106283e-16
6.818299948692324506e+03 1.182888922378918899e-16
6.822505022525790082e+03 1.152922749589633871e-16
6.826710096359255658e+03 1.062550289818010407e-16
6.830915170192721234e+03 1.078157732139007946e-16
6.835120244026186811e+03 1.015664633907320731e-16
6.839325317859652387e+03 9.450815769359668960e-17
6.843530391693117963e+03 9.747831181036839586e-17
6.847735465526583539e+03 9.311560905853101815e-17
6.851940539360049115e+03 8.885992362562330094e-17
6.856145613193514691e+03 8.652245018089135364e-17
6.860350687026980268e+03 7.915027245468394894e-17
6.864555760860445844e+03 7.481412550923197363e-17
6.868760834693911420e+03 6.467381102417301330e-17
6.872965908527376996e+03 6.081756780034470295e-17
6.877170982360842572e+03 6.779410834829044472e-17
6.881376056194308148e+03 7.083446693801075155e-17
6.885581130027773725e+03 6.951485578063755586e-17
6.889786203861239301e+03 6.466150919410312468e-17
6.893991277694704877e+03 5.989110566195061068e-17
6.898196351528170453e+03 6.302944214086659853e-17
6.902401425361636029e+03 5.639109934944683744e-17
6.906606499195101605e+03 5.632985489689341127e-17
6.910811573028567182e+03 5.916474843990044644e-17
6.915016646862032758e+03 5.578814423989978408e-17
6.919221720695498334e+03 5.978604710671147574e-17
6.923426794528963910e+03 5.541306746294373921e-17
6.927631868362430396e+03 5.289911999760727877e-17
6.931836942195895972e+03 5.434373799787193822e-17
6.936042016029361548e+03 4.969548257241390471e-17
6.940247089862827124e+03 4.761937173146911246e-17
6.944452163696292700e+03 5.058956555291022126e-17
6.948657237529758277e+03 4.783345269144273645e-17
6.952862311363223853e+03 4.555936775141195276e-17
6.957067385196689429e+03 5.166937043325939380e-17
6.961272459030155005e+03 4.633584219241547984e-17
6.965477532863620581e+03 4.666747544360023970e-17
6.969682606697086158e+03 4.510164570509450979e-17
6.973887680530551734e+03 4.716861785463181619e-17
6.978092754364017310e+03 4.479494698629454840e-17
6.982297828197482886e+03 3.965714622199293185e-17
6.986502902030948462e+03 3.967031824606722626e-17
6.990707975864414038e+03 4.724580373195036431e-17
6.994913049697879615e+03 4.357140127654081114e-17
6.999118123531345191e+03 4.362372541336846546e-17
7.003323197364810767e+03 3.804675791825019545e-17
7.007528271198276343e+03 3.682696429975499872e-17
7.011733345031741919e+03 4.090997412543104629e-17
7.015938418865207495e+03 4.036099089649185288e-17
7.020143492698673072e+03 4.032737096767524763e-17
7.024348566532138648e+03 3.826157341460776652e-17
7.028553640365604224e+03 3.899915713193150045e-17
7.032758714199069800e+03 3.859769329343501400e-17
7.036963788032535376e+03 3.722834542019022987e-17
7.041168861866000952e+03 4.154110300664165577e-17
7.045373935699466529e+03 3.588060350454533082e-17
7.049579009532932105e+03 3.359886879820965673e-17
7.053784083366397681e+03 3.720460864533240819e-17
7.057989157199863257e+03 3.659750108911033863e-17
7.062194231033328833e+03 3.710581019296907456e-17
7.066399304866794409e+03 3.424959524249287254e-17
7.070604378700259986e+03 3.444443598141851311e-17
7.074809452533725562e+03 3.588418685095891053e-17
7.079014526367191138e+03 3.354488699143444615e-17
7.083219600200656714e+03 3.649576779993366686e-17
7.087424674034122290e+03 3.395259769791693306e-17
7.091629747867587866e+03 3.447848273543119573e-17
7.095834821701053443e+03 3.725506335397569266e-17
7.100039895534519019e+03 4.094349479257414519e-17
7.104244969367984595e+03 3.703914936176465117e-17
7.108450043201450171e+03 3.523981646250255219e-17
7.112655117034915747e+03 3.352667247434602848e-17
7.116860190868381324e+03 3.165306537352156804e-17
7.121065264701846900e+03 3.291352649965232182e-17
7.125270338535312476e+03 3.767830520363947523e-17
7.129475412368778052e+03 3.378522928149540366e-17
7.133680486202243628e+03 3.572626814585518691e-17
7.137885560035709204e+03 3.831837094418810762e-17
7.142090633869174781e+03 3.741914620900416144e-17
7.146295707702640357e+03 3.541978780273693952e-17
7.150500781536105933e+03 3.195989644121953791e-17
7.154705855369571509e+03 3.413873649679851578e-17
7.158910929203037085e+03 3.752296730204691705e-17
7.163116003036502661e+03 3.733085956786515169e-17
7.167321076869968238e+03 3.925111965523760290e-17
7.171526150703433814e+03 3.535283580395689746e-17
7.175731224536899390e+03 3.137033173142849297e-17
7.179936298370364966e+03 3.082496493612738139e-17
7.184141372203830542e+03 3.532096288059400420e-17
7.188346446037296118e+03 3.318753834936663777e-17
7.192551519870761695e+03 3.009074288081306297e-17
7.196756593704227271e+03 3.475375189967659228e-17
7.200961667537692847e+03 3.457321145918076846e-17
7.205166741371158423e+03 3.408583002481962413e-17
7.209371815204623999e+03 3.206025661057937165e-17
7.213576889038089575e+03 3.926013261519198069e-17
7.217781962871555152e+03 4.148117873434586423e-17
7.221987036705020728e+03 4.239610997500096730e-17
7.226192110538486304e+03 3.903673098407610918e-17
7.230397184371951880e+03 4.072586357341144360e-17
7.234602258205417456e+03 3.686071988619206267e-17
7.238807332038883033e+03 4.678886585285362161e-17
7.243012405872348609e+03 4.025400666478669450e-17
7.247217479705814185e+03 4.136056256614583195e-17
7.251422553539280671e+03 4.340252077395953480e-17
7.255627627372746247e+03 4.252591446544523861e-17
7.259832701206211823e+03 4.182307895129363227e-17
7.264037775039677399e+03 4.045716222322971809e-17
7.268242848873142975e+03 3.516147914977133025e-17
7.272447922706608551e+03 4.626294441939240662e-17
7.276652996540074128e+03 4.617051525774573130e-17
7.280858070373539704e+03 4.360852183370974081e-17
7.285063144207005280e+03 3.997227225687358348e-17
7.289268218040470856e+03 3.935748515584457162e-17
7.293473291873936432e+03 3.998665196464220532e-17
7.297678365707402008e+03 3.820943125751487387e-17
7.301883439540867585e+03 4.024017289622235766e-17
7.306088513374333161e+03 4.291254530119742417e-17
7.310293587207798737e+03 4.458201746173359823e-17
7.314498661041264313e+03 4.059989389228696813e-17
7.318703734874729889e+03 3.924871752273874890e-17
7.322908808708195465e+03 4.066806019220623803e-17
7.327113882541661042e+03 4.519449507449236204e-17
7.331318956375126618e+03 4.711965868853602759e-17
7.335524030208592194e+03 5.500658098376783078e-17
7.339729104042057770e+03 4.938440641381231270e-17
7.343934177875523346e+03 4.903083964150509676e-17
7.348139251708988922e+03 4.847364085472202668e-17
7.352344325542454499e+03 4.893852628514417887e-17
7.356549399375920075e+03 5.233882755533326037e-17
7.360754473209385651e+03 6.273498569513242195e-17
7.364959547042851227e+03 5.680923584036994272e-17
7.369164620876316803e+03 5.947993734050765211e-17
7.373369694709782380e+03 5.977445996069083293e-17
7.377574768543247956e+03 5.857703992340397049e-17
7.381779842376713532e+03 6.030521874637425803e-17
7.385984916210179108e+03 6.358930444922208935e-17
7.390189990043644684e+03 6.370109294592495573e-17
7.394395063877110260e+03 6.620276505097112923e-17
7.398600137710575837e+03 7.023450291355868994e-17
7.402805211544041413e+03 6.649785677141574654e-17
7.407010285377506989e+03 6.377142976777156478e-17
7.411215359210972565e+03 6.434792833260672210e-17
7.415420433044438141e+03 7.040983211619542968e-17
7.419625506877903717e+03 6.633791974561739353e-17
7.423830580711369294e+03 6.797275289082229700e-17
7.428035654544834870e+03 6.117092612313755552e-17
7.432240728378300446e+03 6.011485470892375445e-17
7.436445802211766022e+03 6.469012964329745943e-17
7.440650876045231598e+03 6.169678138214976628e-17
7.444855949878697174e+03 6.598797602439315985e-17
7.449061023712163660e+03 6.421193983990300435e-17
7.453266097545629236e+03 6.725775782166616115e-17
7.457471171379094812e+03 6.497835245593543640e-17
7.461676245212560389e+03 6.406464875130936203e-17
7.465881319046025965e+03 6.417222855305555859e-17
7.470086392879491541e+03 6.919924336355672305e-17
7.474291466712957117e+03 6.792967332452053532e-17
7.478496540546422693e+03 7.545864479019859152e-17
7.482701614379888269e+03 7.532978328565263066e-17
7.486906688213353846e+03 7.938707110300072928e-17
7.491111762046819422e+03 7.990082967273496456e-17
7.495316835880284998e+03 7.510810549893331967e-17
7.499521909713750574e+03 7.602636862309578632e-17
7.503726983547216150e+03 8.034838732368535593e-17
7.507932057380681726e+03 8.337379710537560443e-17
7.512137131214147303e+03 7.942215679586277850e-17
7.516342205047612879e+03 8.327066422660249294e-17
7.520547278881078455e+03 7.722559522284046457e-17
7.524752352714544031e+03 7.730210612077916942e-17
7.528957426548009607e+03 7.208344348851681909e-17
7.533162500381475184e+03 6.836264612691039170e-17
7.537367574214940760e+03 7.057044412137362596e-17
7.541572648048406336e+03 7.279820694710144010e-17
7.545777721881871912e+03 7.181727661973195606e-17
7.549982795715337488e+03 6.730977755602839596e-17
7.554187869548803064e+03 6.656953031713224128e-17
7.558392943382268641e+03 6.280988193651542329e-17
7.562598017215734217e+03 5.988320443273950416e-17
7.566803091049199793e+03 6.225700764997478044e-17
7.571008164882665369e+03 5.858603303102364701e-17
7.575213238716130945e+03 6.334800593837302055e-17
7.579418312549596521e+03 6.450337211331768706e-17
7.583623386383062098e+03 5.552205016300882571e-17
7.587828460216527674e+03 5.426200593590679866e-17
7.592033534049993250e+03 4.165767260728507864e-17
7.596238607883458826e+03 2.398177417473131321e-17
7.600443681716924402e+03 1.626433291520549987e-17
7.604648755550389978e+03 1.802444918162645981e-17
7.608853829383855555e+03 2.517363059521814399e-17
7.613058903217321131e+03 3.160410289870332922e-17
7.617263977050786707e+03 3.128197229839557855e-17
7.621469050884252283e+03 3.635982232062180187e-17
7.625674124717717859e+03 3.036312353035942435e-17
7.629879198551183435e+03 2.391695133884798265e-17
7.634084272384649012e+03 2.633776157593342238e-17
7.638289346218114588e+03 3.089517271779843217e-17
7.642494420051580164e+03 3.045809709957031277e-17
7.646699493885045740e+03 3.200141759924724969e-17
7.650904567718511316e+03 4.128462738591346401e-17
7.655109641551976893e+03 3.838627585503381076e-17
7.659314715385442469e+03 3.731269468161348721e-17
7.663519789218908045e+03 3.598695577026249869e-17
7.667724863052373621e+03 3.551386801688627068e-17
7.671929936885839197e+03 3.721121285534303156e-17
7.676135010719304773e+03 3.899452822922365371e-17
7.680340084552770350e+03 3.617938445052193462e-17
7.684545158386235926e+03 3.707077082222132831e-17
7.688750232219701502e+03 3.869271980220510582e-17
7.692955306053167078e+03 4.016877728319168074e-17
7.697160379886632654e+03 3.983049019115954433e-17
7.701365453720098230e+03 3.720198151970693977e-17
7.705570527553563807e+03 3.943863157393602363e-17
7.709775601387029383e+03 3.723177656537109983e-17
7.713980675220494959e+03 3.482481002301734757e-17
7.718185749053960535e+03 3.915707914575767429e-17
7.722390822887426111e+03 4.102286442670983330e-17
7.726595896720891687e+03 3.883473347849065982e-17
7.730800970554357264e+03 3.456728553727243857e-17
7.735006044387822840e+03 3.443940672329419070e-17
7.739211118221288416e+03 3.349323121654173467e-17
7.743416192054753992e+03 2.995040672680976651e-17
7.747621265888219568e+03 2.999947508074641211e-17
7.751826339721685144e+03 2.824364195553725175e-17
7.756031413555150721e+03 3.707098919790304231e-17
7.760236487388616297e+03 3.739611750075068515e-17
7.764441561222081873e+03 3.448645675653620691e-17
7.768646635055547449e+03 3.097136597838191666e-17
7.772851708889013025e+03 3.319122095745372385e-17
7.777056782722478601e+03 2.772888580598427752e-17
7.781261856555944178e+03 3.302559954648590643e-17
7.785466930389409754e+03 4.213435694196468722e-17
7.789672004222876240e+03 4.232014501626654745e-17
7.793877078056341816e+03 3.954245597570122945e-17
7.798082151889807392e+03 3.419730419288972035e-17
7.802287225723272968e+03 3.585573845533198680e-17
7.806492299556738544e+03 2.625419151864718999e-17
7.810697373390204120e+03 3.548278587818897811e-17
7.814902447223669697e+03 3.332234231943317958e-17
7.819107521057135273e+03 3.015740040329503615e-17
7.823312594890600849e+03 3.071983028027189158e-17
7.827517668724066425e+03 3.347700193292344427e-17
7.831722742557532001e+03 3.468711422952932037e-17
7.835927816390997577e+03 3.354495978332835081e-17
7.840132890224463154e+03 3.518785628514442120e-17
7.844337964057928730e+03 3.159351167814020026e-17
7.848543037891394306e+03 2.972546323103209616e-17
7.852748111724859882e+03 3.876788735882902455e-17
7.856953185558325458e+03 4.320384853443654861e-17
7.861158259391791034e+03 3.554024515225936163e-17
7.865363333225256611e+03 3.590960776554389018e-17
7.869568407058722187e+03 3.145527987161523870e-17
7.873773480892187763e+03 3.153212164179896475e-17
7.877978554725653339e+03 3.020128398915219938e-17
7.882183628559118915e+03 3.953889248162235101e-17
7.886388702392584491e+03 3.502800528612977371e-17
7.890593776226050068e+03 4.197931682539264814e-17
7.894798850059515644e+03 3.546719517800357865e-17
7.899003923892981220e+03 3.350812377629013938e-17
7.903208997726446796e+03 3.625081976822201409e-17
7.907414071559912372e+03 3.175396486464078635e-17
7.911619145393377948e+03 4.429454903781426963e-17
7.915824219226843525e+03 5.003126827027368077e-17
7.920029293060309101e+03 3.845689722701113806e-17
7.924234366893774677e+03 2.936563304712662870e-17
7.928439440727240253e+03 2.982002651865915828e-17
7.932644514560705829e+03 3.093358036800049435e-17
7.936849588394171406e+03 3.573971810261529914e-17
7.941054662227636982e+03 4.318639833223412994e-17
7.945259736061102558e+03 3.901874807755920636e-17
7.949464809894568134e+03 3.612189539794949920e-17
7.953669883728033710e+03 3.388707837595783285e-17
7.957874957561499286e+03 2.514828743561074432e-17
7.962080031394964863e+03 1.756291217832392227e-17
7.966285105228430439e+03 2.205224470141459278e-17
7.970490179061896015e+03 3.586232612173035912e-17
7.974695252895361591e+03 4.265610607641618474e-17
7.978900326728827167e+03 3.950488874100152115e-17
7.983105400562292743e+03 3.756337342060890735e-17
7.987310474395759229e+03 3.469531324376094598e-17
7.991515548229224805e+03 2.735806900918288074e-17
7.995720622062690381e+03 3.114306551249077372e-17
7.999925695896155958e+03 3.219039197326866418e-17
8.004130769729621534e+03 3.356510659432769236e-17
8.008335843563087110e+03 3.543188780073736521e-17
8.012540917396552686e+03 3.634353017127695744e-17
8.016745991230018262e+03 3.806127659236172619e-17
8.020951065063483838e+03 2.826438102785518126e-17
8.025156138896949415e+03 2.902855033006636950e-17
8.029361212730414991e+03 3.302334961521976220e-17
8.033566286563880567e+03 2.561993920344358028e-17
8.037771360397346143e+03 2.879668498692285541e-17
8.041976434230811719e+03 3.713853676672412255e-17
8.046181508064277295e+03 3.607365753334785684e-17
8.050386581897742872e+03 2.913033986752469487e-17
8.054591655731208448e+03 3.024912480705981628e-17
8.058796729564674024e+03 3.418194179455338552e-17
8.063001803398139600e+03 2.503380067574972998e-17
8.067206877231605176e+03 2.742709723130043090e-17
8.071411951065070753e+03 2.892962614624992781e-17
8.075617024898536329e+03 2.762654205751554162e-17
8.079822098732001905e+03 2.467416736083005013e-17
8.084027172565467481e+03 2.523591729534338697e-17
8.088232246398933057e+03 3.031426362593714211e-17
8.092437320232398633e+03 2.601639032742799538e-17
8.096642394065864210e+03 3.096744514227841531e-17
8.100847467899329786e+03 2.909451632955624835e-17
8.105052541732795362e+03 2.942549445369586620e-17
8.109257615566260938e+03 2.972451693641133550e-17
8.113462689399726514e+03 2.714032198473442174e-17
8.117667763233192090e+03 2.765238979729659863e-17
8.121872837066657667e+03 2.543461269592352464e-17
8.126077910900123243e+03 2.008849145743410339e-17
8.130282984733588819e+03 2.845287232839886478e-17
8.134488058567054395e+03 2.987978204610998900e-17
8.138693132400519971e+03 2.653737349263226881e-17
8.142898206233985547e+03 2.559280106190694055e-17
8.147103280067451124e+03 3.058134701084071390e-17
8.151308353900916700e+03 2.848619116347250073e-17
8.155513427734382276e+03 2.499141759552373794e-17
8.159718501567847852e+03 2.682722585107697523e-17
8.163923575401313428e+03 2.084673318337573663e-17
8.168128649234779004e+03 2.389066353898104743e-17
8.172333723068244581e+03 2.489302280729933020e-17
8.176538796901710157e+03 2.481592957420938802e-17
8.180743870735175733e+03 2.435104579814846093e-17
8.184948944568641309e+03 2.566120062675895041e-17
8.189154018402106885e+03 2.166726657252628817e-17
8.193359092235572462e+03 2.761931746204550347e-17
8.197564166069038038e+03 2.811923399140927639e-17
8.201769239902503614e+03 2.929829061909746161e-17
8.205974313735969190e+03 2.738798647757769865e-17
8.210179387569434766e+03 2.852261688892688586e-17
8.214384461402900342e+03 2.342642165507546149e-17
8.218589535236365919e+03 2.449272694782776862e-17
8.222794609069831495e+03 2.661546595990217504e-17
8.226999682903297071e+03 2.593797029663551815e-17
8.231204756736762647e+03 2.676416325553715751e-17
8.235409830570228223e+03 2.619288916345088511e-17
8.239614904403693799e+03 2.685949912985634416e-17
8.243819978237159376e+03 2.481580880583995528e-17
8.248025052070624952e+03 2.836479413677421839e-17
8.252230125904090528e+03 2.564935209166474084e-17
8.256435199737556104e+03 2.493361917740220769e-17
8.260640273571021680e+03 2.773644623678301219e-17
8.264845347404487256e+03 3.032906685017939109e-17
8.269050421237952833e+03 3.028092824725125509e-17
8.273255495071418409e+03 2.648092172454797488e-17
8.277460568904883985e+03 2.084619882470002737e-17
8.281665642738349561e+03 2.504111626108714895e-17
8.285870716571815137e+03 2.651768328533105653e-17
8.290075790405280713e+03 2.984892820926176107e-17
8.294280864238746290e+03 2.666585449409645528e-17
8.298485938072211866e+03 2.386834786041559185e-17
8.302691011905677442e+03 2.531625307643453702e-17
8.306896085739143018e+03 2.488262845572198885e-17
8.311101159572608594e+03 2.610812962044380147e-17
8.315306233406074170e+03 2.616251343699671283e-17
8.319511307239539747e+03 2.548053776353246874e-17
8.323716381073005323e+03 2.810532081350613446e-17
8.327921454906470899e+03 2.693577510850108395e-17
8.332126528739936475e+03 2.753518657630396014e-17
8.336331602573402051e+03 2.709585606372602118e-17
8.340536676406867628e+03 3.342367525319337568e-17
8.344741750240333204e+03 2.167949726506349724e-17
8.348946824073798780e+03 2.277370832296089331e-17
8.353151897907264356e+03 2.680199518803288278e-17
8.357356971740729932e+03 2.684838347678485657e-17
8.361562045574195508e+03 2.201596786847046720e-17
8.365767119407661085e+03 2.590979983369441224e-17
8.369972193241126661e+03 3.000278380319662422e-17
8.374177267074592237e+03 2.854265451208537040e-17
8.378382340908057813e+03 3.032156597638476024e-17
8.382587414741523389e+03 2.454671371768665452e-17
8.386792488574988965e+03 3.256811903690732895e-17
8.390997562408454542e+03 2.491677116268572762e-17
8.395202636241920118e+03 2.521663406090355079e-17
8.399407710075385694e+03 3.221103178391308732e-17
8.403612783908851270e+03 3.185352763189011898e-17
8.407817857742316846e+03 2.916792364583665424e-17
8.412022931575782422e+03 3.307431717584282955e-17
8.416228005409247999e+03 3.467651970024374119e-17
8.420433079242713575e+03 3.406359210123174853e-17
8.424638153076179151e+03 2.174913925519556175e-17
8.428843226909644727e+03 2.843685480301738795e-17
8.433048300743110303e+03 2.896956904366888841e-17
8.437253374576575879e+03 2.313449141893202186e-17
8.441458448410041456e+03 2.917040849639676353e-17
8.445663522243507032e+03 3.236408997573744935e-17
8.449868596076972608e+03 3.195699800035315210e-17
8.454073669910438184e+03 2.780467705679006123e-17
8.458278743743903760e+03 2.481002846771943472e-17
8.462483817577369337e+03 2.671620001489888275e-17
8.466688891410834913e+03 2.287411812315748023e-17
8.470893965244300489e+03 2.397728589272760048e-17
8.475099039077766065e+03 2.737806361894951253e-17
8.479304112911231641e+03 2.643336711113230132e-17
8.483509186744697217e+03 2.391026771949855418e-17
8.487714260578162794e+03 2.844381966377508445e-17
8.491919334411628370e+03 3.444555432960668480e-17
8.496124408245095765e+03 3.061339529649346840e-17
8.500329482078561341e+03 2.410267654742328884e-17
8.504534555912026917e+03 3.214896015074710813e-17
8.508739629745492493e+03 3.332426468717675282e-17
8.512944703578958070e+03 2.783158689647763633e-17
8.517149777412423646e+03 2.393129630503087725e-17
8.521354851245889222e+03 2.610743644309048204e-17
8.525559925079354798e+03 2.596402979465338873e-17
8.529764998912820374e+03 2.805273528760491338e-17
8.533970072746285950e+03 2.885870368052963122e-17
8.538175146579751527e+03 3.827322342635496337e-17
8.542380220413217103e+03 3.691577041031869177e-17
8.546585294246682679e+03 3.815309364035511226e-17
8.550790368080148255e+03 3.392375887304088431e-17
8.554995441913613831e+03 3.346617910178880046e-17
8.559200515747079407e+03 3.085236115801513767e-17
8.563405589580544984e+03 3.545901932482910452e-17
8.567610663414010560e+03 3.271061909539306413e-17
8.571815737247476136e+03 3.412795337033327451e-17
8.576020811080941712e+03 3.518993085412070419e-17
8.580225884914407288e+03 3.771842015462584686e-17
8.584430958747872864e+03 3.732774936876195231e-17
8.588636032581338441e+03 4.062820993901588337e-17
8.592841106414804017e+03 3.936116445520920749e-17
8.597046180248269593e+03 3.292269496956185958e-17
8.601251254081735169e+03 3.458245602970666109e-17
8.605456327915200745e+03 3.361803622736373549e-17
8.609661401748666322e+03 3.344763702117781179e-17
8.613866475582131898e+03 3.988957735667543220e-17
8.618071549415597474e+03 4.639329484904096293e-17
8.622276623249063050e+03 5.260417386095047080e-17
8.626481697082528626e+03 5.999671346511648083e-17
8.630686770915994202e+03 5.164002537384846259e-17
8.634891844749459779e+03 5.431524989757561194e-17
8.639096918582925355e+03 5.496574473128731291e-17
8.643301992416390931e+03 5.199835670648398397e-17
8.647507066249856507e+03 5.707635562122046684e-17
8.651712140083322083e+03 4.974135470046364541e-17
8.655917213916787659e+03 5.454641710028213127e-17
8.660122287750253236e+03 6.183484775255221723e-17
8.664327361583718812e+03 6.187978682087099812e-17
8.668532435417184388e+03 6.781156516793776382e-17
8.672737509250649964e+03 6.613805305728988077e-17
8.676942583084115540e+03 6.722363165831467344e-17
8.681147656917581116e+03 5.369426886811980301e-17
8.685352730751046693e+03 5.441351564562446142e-17
8.689557804584512269e+03 4.472173819336115524e-17
8.693762878417977845e+03 4.749807727516678669e-17
8.697967952251443421e+03 4.846394960666535541e-17
8.702173026084908997e+03 4.696502885354781481e-17
8.706378099918374573e+03 5.370914488425595666e-17
8.710583173751840150e+03 5.389451275080663995e-17
8.714788247585305726e+03 4.848015242050404412e-17
8.718993321418771302e+03 4.917326029065202686e-17
8.723198395252236878e+03 4.548261862545683264e-17
8.727403469085702454e+03 3.993094300474798401e-17
8.731608542919168030e+03 4.108619006568444288e-17
8.735813616752633607e+03 4.430146426773521294e-17
8.740018690586099183e+03 5.043645773024910605e-17
8.744223764419564759e+03 5.713617732312030180e-17
8.748428838253030335e+03 5.946583556542484809e-17
8.752633912086495911e+03 7.190008732521586477e-17
8.756838985919961488e+03 6.991445680839457289e-17
8.761044059753427064e+03 6.407511754914183314e-17
8.765249133586892640e+03 6.528873709154493408e-17
8.769454207420358216e+03 5.547608869945292928e-17
8.773659281253823792e+03 5.829484560307027999e-17
8.777864355087289368e+03 6.335774019982154458e-17
8.782069428920754945e+03 6.492761650588388389e-17
8.786274502754220521e+03 6.534380746800626445e-17
8.790479576587686097e+03 7.049353617674089566e-17
8.794684650421151673e+03 7.164589141425586915e-17
8.798889724254617249e+03 6.812398135913169173e-17
8.803094798088082825e+03 7.147097249320295571e-17
8.807299871921548402e+03 6.382224512716192237e-17
8.811504945755013978e+03 6.416737796594354764e-17
8.815710019588479554e+03 7.338956829318295022e-17
8.819915093421945130e+03 6.102675846853691344e-17
8.824120167255410706e+03 5.510823817232814766e-17
8.828325241088876282e+03 5.695927316859726109e-17
8.832530314922341859e+03 6.834831274125607284e-17
8.836735388755807435e+03 6.865988189950274646e-17
8.840940462589273011e+03 7.338284496916411921e-17
8.845145536422738587e+03 6.518763576835625282e-17
8.849350610256204163e+03 7.138489276993823743e-17
8.853555684089669739e+03 6.260800354493818156e-17
8.857760757923135316e+03 6.626394332907555116e-17
8.861965831756600892e+03 5.899152358474204160e-17
8.866170905590066468e+03 5.128879786831354662e-17
8.870375979423532044e+03 5.516245158967487310e-17
8.874581053256997620e+03 8.432891939763343401e-17
8.878786127090463197e+03 9.259279120672810211e-17
8.882991200923928773e+03 9.463386267692514811e-17
8.887196274757394349e+03 9.867048421384922189e-17
8.891401348590859925e+03 8.166127515703972060e-17
8.895606422424327320e+03 6.801654052372840408e-17
8.899811496257792896e+03 6.640749556130045379e-17
8.904016570091258473e+03 5.962778429447293006e-17
8.908221643924724049e+03 6.742358437342589172e-17
8.912426717758189625e+03 5.814734937368472452e-17
8.916631791591655201e+03 4.156978963028499477e-17
8.920836865425120777e+03 4.842999880560372894e-17
8.925041939258586353e+03 5.786133678764348925e-17
8.929247013092051930e+03 5.989890762948821084e-17
8.933452086925517506e+03 6.712028702130474838e-17
8.937657160758983082e+03 6.848726584927518064e-17
8.941862234592448658e+03 6.483871113364668448e-17
8.946067308425914234e+03 6.429778133515130735e-17
8.950272382259379810e+03 5.450167986403281332e-17
8.954477456092845387e+03 4.935637491721411570e-17
8.958682529926310963e+03 4.618864374805044346e-17
8.962887603759776539e+03 4.481533864275520564e-17
8.967092677593242115e+03 4.126776613630718309e-17
8.971297751426707691e+03 4.151131788714484635e-17
8.975502825260173267e+03 3.788442868612033909e-17
8.979707899093638844e+03 4.500471337219309580e-17
8.983912972927104420e+03 3.603973651078828228e-17
8.988118046760569996e+03 3.961030463826527900e-17
8.992323120594035572e+03 5.047213237570729303e-17
8.996528194427501148e+03 4.775157835441223777e-17
9.000733268260966724e+03 5.201654144507034973e-17
9.004938342094432301e+03 3.576867604149955554e-17
9.009143415927897877e+03 4.461367200941477749e-17
9.013348489761363453e+03 3.502357821549138990e-17
9.017553563594829029e+03 3.070385576828226751e-17
9.021758637428294605e+03 3.584028341276704604e-17
9.025963711261760182e+03 3.407793541305341803e-17
9.030168785095225758e+03 3.097243800445578538e-17
9.034373858928691334e+03 3.420936779494319370e-17
9.038578932762156910e+03 4.659743309805169952e-17
9.042784006595622486e+03 4.292256080405421623e-17
9.046989080429088062e+03 4.305837393446807274e-17
9.051194154262553639e+03 4.833521052485005240e-17
9.055399228096019215e+03 3.725581774269434102e-17
9.059604301929484791e+03 3.204452032660616285e-17
9.063809375762950367e+03 3.776545695297806222e-17
9.068014449596415943e+03 3.140826623432017481e-17
9.072219523429881519e+03 2.614462648343086616e-17
9.076424597263347096e+03 3.259478733985603856e-17
9.080629671096812672e+03 2.718829018845637181e-17
9.084834744930278248e+03 2.922759314650377944e-17
9.089039818763743824e+03 2.725351834283985336e-17
9.093244892597209400e+03 2.834541164066087585e-17
9.097449966430674976e+03 3.160059565290610438e-17
9.101655040264140553e+03 3.214722307146074677e-17
9.105860114097606129e+03 2.913996163240991169e-17
9.110065187931071705e+03 3.522299822628812403e-17
9.114270261764537281e+03 3.534232068401012338e-17
9.118475335598002857e+03 2.298602077078487892e-17
9.122680409431468433e+03 2.528557956495984565e-17
9.126885483264934010e+03 2.815904453993022850e-17
9.131090557098399586e+03 2.612442011542742080e-17
9.135295630931865162e+03 2.016320075599866774e-17
9.139500704765330738e+03 3.040540569455068491e-17
9.143705778598796314e+03 3.215171631654813482e-17
9.147910852432261890e+03 2.430974632452491337e-17
9.152115926265727467e+03 1.905152791537027726e-17
9.156321000099193043e+03 2.533044253266227166e-17
9.160526073932658619e+03 3.239265748537258072e-17
9.164731147766124195e+03 2.880575750388133702e-17
9.168936221599589771e+03 2.703898574225177542e-17
9.173141295433055348e+03 2.979106196233000147e-17
9.177346369266520924e+03 2.903489976844832654e-17
9.181551443099986500e+03 2.501210869136613938e-17
9.185756516933452076e+03 2.784840844141451470e-17
9.189961590766917652e+03 2.184588464527853876e-17
9.194166664600383228e+03 2.218818190892033225e-17
9.198371738433848805e+03 2.623690178948360661e-17
9.202576812267314381e+03 2.794851714786813232e-17
9.206781886100779957e+03 2.717036683894357281e-17
9.210986959934245533e+03 3.142754616003756078e-17
9.215192033767711109e+03 2.838907354211387486e-17
9.219397107601176685e+03 3.126272215118024449e-17
9.223602181434642262e+03 2.793414405754441091e-17
9.227807255268107838e+03 2.505956073438585636e-17
9.232012329101573414e+03 2.269644634502599031e-17
9.236217402935038990e+03 1.949829478165506793e-17
9.240422476768504566e+03 2.406330771334944004e-17
9.244627550601970142e+03 2.721723158372837715e-17
9.248832624435435719e+03 1.643093205365735496e-17
9.253037698268901295e+03 2.459620558809692728e-17
9.257242772102366871e+03 3.247747658538376817e-17
9.261447845935832447e+03 2.832442441415918043e-17
9.265652919769298023e+03 3.100957841395941632e-17
9.269857993602763599e+03 2.885399536848297938e-17
9.274063067436229176e+03 2.107122338417772792e-17
9.278268141269694752e+03 2.694518015206581187e-17
9.282473215103160328e+03 2.210282348714976021e-17
9.286678288936625904e+03 2.020693544934557142e-17
9.290883362770091480e+03 2.465010798553333277e-17
9.295088436603557057e+03 3.480092104692681613e-17
9.299293510437022633e+03 2.562021051868449767e-17
9.303498584270488209e+03 3.064437155607235418e-17
9.307703658103953785e+03 1.864415635293893708e-17
9.311908731937419361e+03 3.773449061956652708e-17
9.316113805770884937e+03 1.221309509685761409e-17
9.320318879604350514e+03 1.188873938070209577e-17
9.324523953437816090e+03 1.672779559497406085e-17
9.328729027271281666e+03 1.426191724939428196e-17
9.332934101104747242e+03 1.179798360543461523e-17
9.337139174938212818e+03 8.470437833203247837e-18
9.341344248771678394e+03 6.552531488263816276e-18
9.345549322605143971e+03 1.366252315238426939e-17
9.349754396438609547e+03 1.524363174398446626e-17
9.353959470272075123e+03 8.378179897943371002e-18
9.358164544105540699e+03 1.224596642721985886e-17
9.362369617939006275e+03 1.996585035109454129e-17
9.366574691772471851e+03 2.233915560560106064e-17
9.370779765605937428e+03 1.649037490683664064e-17
9.374984839439403004e+03 1.888805386527264750e-17
9.379189913272868580e+03 8.725630496801369852e-18
9.383394987106334156e+03 1.833156314509392282e-17
9.387600060939799732e+03 1.558250282552906511e-17
9.391805134773265308e+03 1.365350274780437862e-17
9.396010208606730885e+03 2.691021522757319539e-17
9.400215282440196461e+03 1.227083230361381542e-17
9.404420356273662037e+03 1.730040971965266915e-17
9.408625430107127613e+03 2.529689705010079617e-17
9.412830503940593189e+03 2.433623595646131153e-17
9.417035577774058765e+03 1.415221324783504922e-17
9.421240651607524342e+03 1.960202819355289292e-17
9.425445725440989918e+03 1.780123118460657508e-17
9.429650799274455494e+03 2.985624048587672984e-17
9.433855873107921070e+03 6.802700684001903754e-18
9.438060946941386646e+03 -2.100941355367562175e-18
9.442266020774852223e+03 1.345261945450403819e-17
9.446471094608317799e+03 1.672313525940293709e-17
9.450676168441783375e+03 2.143433251203135558e-17
9.454881242275248951e+03 2.826842097796689024e-17
9.459086316108714527e+03 2.311463577550829898e-17
9.463291389942180103e+03 1.854875595853197129e-17
9.467496463775645680e+03 2.297385625269667410e-17
9.471701537609111256e+03 2.764382682359544968e-17
9.475906611442576832e+03 2.030500763713108349e-17
9.480111685276042408e+03 8.042800345764358484e-18
9.484316759109507984e+03 2.108946437104574728e-17
9.488521832942973560e+03 1.486231471648732135e-17
9.492726906776439137e+03 2.021925878611138643e-17
9.496931980609904713e+03 1.232010083525869886e-17
9.501137054443370289e+03 1.116627404343399353e-17
9.505342128276835865e+03 1.100666044525514876e-17
9.509547202110301441e+03 1.925141114731004108e-17
9.513752275943767017e+03 2.051989757974378433e-17
9.517957349777232594e+03 1.626598231334693061e-17
9.522162423610698170e+03 1.036342081269615040e-17
9.526367497444163746e+03 2.329319429125644575e-17
9.530572571277629322e+03 1.166532203315458576e-17
9.534777645111094898e+03 1.286701114958283438e-17
9.538982718944560474e+03 2.269350489076775175e-17
9.543187792778026051e+03 1.460123335410843434e-17
9.547392866611491627e+03 4.726760655853603702e-18
9.551597940444957203e+03 9.262838809720870911e-18
9.555803014278422779e+03 1.934423239256706652e-17
9.560008088111888355e+03 1.650372394756202140e-17
9.564213161945353932e+03 1.338532086704733641e-17
9.568418235778819508e+03 1.337006600219063347e-17
9.572623309612286903e+03 1.835292922031616752e-17
9.576828383445752479e+03 1.613347955974451132e-17
9.581033457279218055e+03 1.890283061973529479e-17
9.585238531112683631e+03 2.249082082527388337e-17
9.589443604946149208e+03 4.614927656833781977e-17
9.593648678779614784e+03 4.567186762344161474e-17
9.597853752613080360e+03 2.218121870252386086e-17
9.602058826446545936e+03 3.468601573367584995e-17
9.606263900280011512e+03 2.354263060497181124e-17
9.610468974113477088e+03 2.529719648948254037e-17
9.614674047946942665e+03 3.319333192237695917e-17
9.618879121780408241e+03 2.953361026847899713e-17
9.623084195613873817e+03 2.971920643687874506e-17
9.627289269447339393e+03 3.791093486166898831e-17
9.631494343280804969e+03 2.307536454874673144e-17
9.635699417114270545e+03 2.475241368369389123e-17
9.639904490947736122e+03 8.045147884342783976e-18
9.644109564781201698e+03 1.026576965984242782e-17
9.648314638614667274e+03 1.969749641677008805e-17
9.652519712448132850e+03 9.160092224293821684e-18
9.656724786281598426e+03 1.668635219192392906e-17
9.660929860115064002e+03 2.456246158218843907e-17
9.665134933948529579e+03 2.178844026045918120e-17
9.669340007781995155e+03 2.564660254330861457e-17
9.673545081615460731e+03 1.483556534983858155e-17
9.677750155448926307e+03 1.823382844699833238e-17
9.681955229282391883e+03 2.379838823292830698e-17
9.686160303115857459e+03 1.633097554843644710e-17
9.690365376949323036e+03 2.091787733350019743e-17
9.694570450782788612e+03 1.752666843260429881e-17
9.698775524616254188e+03 2.906609440370892632e-17
9.702980598449719764e+03 1.361312309902199002e-17
9.707185672283185340e+03 1.373536633148691411e-17
9.711390746116650917e+03 3.742297440087905686e-17
9.715595819950116493e+03 5.732783093514577554e-18
9.719800893783582069e+03 7.402266420989021080e-18
9.724005967617047645e+03 3.468206511907029669e-17
9.728211041450513221e+03 -2.240589036607273097e-19
9.732416115283978797e+03 1.395167654321136851e-17
9.736621189117444374e+03 2.844846180137273204e-17
9.740826262950909950e+03 2.720077565262224721e-17
9.745031336784375526e+03 1.716496551179201130e-17
9.749236410617841102e+03 2.073863556656608187e-17
9.753441484451306678e+03 1.855987326596468399e-17
9.757646558284772254e+03 3.892567702375718990e-17
9.761851632118237831e+03 4.092673280464137063e-17
9.766056705951703407e+03 3.319020187093905852e-17
9.770261779785168983e+03 2.861904629601586762e-17
9.774466853618634559e+03 2.286929069710262076e-17
9.778671927452100135e+03 2.112528625465296870e-17
9.782877001285565711e+03 -5.682048901221826724e-19
9.787082075119031288e+03 2.734137154133788533e-17
9.791287148952496864e+03 5.332835890671207079e-18
9.795492222785962440e+03 9.712797765989503716e-18
9.799697296619428016e+03 2.562571954156410084e-17
9.803902370452893592e+03 2.993516675120408952e-17
9.808107444286359168e+03 2.932348654055582683e-17
9.812312518119824745e+03 2.506091731059044333e-17
9.816517591953290321e+03 2.632645070823737228e-17
9.820722665786755897e+03 1.635528142355570526e-17
9.824927739620221473e+03 1.713964551324176312e-17
9.829132813453687049e+03 2.836870173798791890e-17
9.833337887287152626e+03 2.674906224627438944e-17
9.837542961120618202e+03 3.122734529074257660e-17
9.841748034954083778e+03 1.877938218511788094e-17
9.845953108787549354e+03 2.748884626402751442e-17
9.850158182621014930e+03 2.612904901813526754e-17
9.854363256454480506e+03 3.103234904186177607e-17
9.858568330287946083e+03 2.939983861981692150e-17
9.862773404121411659e+03 5.351338101176670691e-17
9.866978477954877235e+03 2.876236360894680519e-17
9.871183551788342811e+03 2.178448964585362794e-17
9.875388625621808387e+03 1.943201114480996871e-17
9.879593699455273963e+03 2.991660812698084980e-17
9.883798773288739540e+03 2.709059354066895882e-17
9.888003847122205116e+03 5.755114902101977919e-18
9.892208920955670692e+03 2.538653530436071757e-17
9.896413994789136268e+03 2.409639824657401136e-17
9.900619068622601844e+03 5.364211678485955972e-17
9.904824142456067420e+03 1.492745022664219697e-17
9.909029216289532997e+03 1.783122640797897297e-17
9.913234290122998573e+03 4.416429786983921968e-17
9.917439363956464149e+03 2.710704285433018833e-17
9.921644437789929725e+03 2.564125399346784670e-17
9.925849511623395301e+03 2.907543161846342489e-17
9.930054585456860877e+03 4.381300418985529946e-17
9.934259659290326454e+03 1.763026287815921489e-17
9.938464733123792030e+03 -1.653993295169591763e-17
9.942669806957257606e+03 2.896377216193611679e-17
9.946874880790723182e+03 5.230808290632588944e-17
9.951079954624188758e+03 2.570789828106001903e-17
9.955285028457654334e+03 5.743996436616407653e-17
9.959490102291119911e+03 4.728070744507765187e-17
9.963695176124585487e+03 2.612757001920002273e-17
9.967900249958051063e+03 -5.781820428178252418e-18
9.972105323791518458e+03 3.049368447747387541e-18
9.976310397624984034e+03 1.585252601032965036e-17
9.980515471458449611e+03 1.838124692140630787e-17
9.984720545291915187e+03 1.602452002073657630e-17
9.988925619125380763e+03 9.708742099446156221e-18
9.993130692958846339e+03 9.680251517607992289e-18
