6.002515625000000000e+03 3.218021765173426194e-17
6.006720698833465576e+03 2.832662140586612127e-17
6.010925772666931152e+03 2.717871970876913328e-17
6.015130846500396729e+03 3.409109089351546138e-17
6.019335920333862305e+03 3.309913590294187059e-17
6.023540994167327881e+03 3.233115495246803800e-17
6.027746068000793457e+03 2.689088732538028135e-17
6.031951141834259033e+03 2.785236898218741860e-17
6.036156215667724609e+03 1.693059050267001133e-17
6.040361289501190186e+03 2.019282705681786698e-17
6.044566363334655762e+03 3.394841547273986496e-17
6.048771437168121338e+03 3.374550145103570684e-17
6.052976511001586914e+03 3.719503651128394455e-17
6.057181584835052490e+03 3.205222303247025665e-17
6.061386658668518066e+03 3.294355646461044694e-17
6.065591732501983643e+03 3.282525971084801334e-17
6.069796806335449219e+03 3.321375004861721811e-17
6.074001880168914795e+03 3.482802610123895374e-17
6.078206954002380371e+03 3.244951457195702563e-17
6.082412027835845947e+03 3.058599576588326191e-17
6.086617101669311523e+03 3.210347845194649245e-17
6.090822175502777100e+03 3.187290681928101131e-17
6.095027249336242676e+03 3.599497942220426306e-17
6.099232323169708252e+03 3.159580793152064746e-17
6.103437397003173828e+03 3.445198979477234736e-17
6.107642470836639404e+03 3.121319057610056919e-17
6.111847544670104980e+03 3.075097528469573818e-17
6.116052618503570557e+03 3.442900079118827361e-17
6.120257692337036133e+03 3.215339053010794214e-17
6.124462766170501709e+03 2.813421588666383682e-17
6.128667840003967285e+03 3.217013266570601542e-17
6.132872913837432861e+03 1.861463096815446931e-17
6.137077987670898438e+03 2.357246039222169853e-17
6.141283061504364014e+03 2.679374323424205378e-17
6.145488135337830499e+03 3.092012710251793191e-17
6.149693209171296076e+03 2.935507160506555164e-17
6.153898283004761652e+03 3.002502834422940024e-17
6.158103356838227228e+03 3.247515055350126906e-17
6.162308430671692804e+03 1.810376587620294453e-17
6.166513504505158380e+03 2.443977580809579911e-17
6.170718578338623956e+03 3.167574666591777206e-17
6.174923652172089533e+03 3.086470931019932927e-17
6.179128726005555109e+03 2.827550826145524459e-17
6.183333799839020685e+03 2.729529261813500637e-17
6.187538873672486261e+03 2.797646923512752423e-17
6.191743947505951837e+03 2.818571284287893811e-17
6.195949021339417413e+03 3.065497270280283378e-17
6.200154095172882990e+03 2.752424297679988358e-17
6.204359169006348566e+03 2.810938061595254472e-17
6.208564242839814142e+03 3.148318563676032764e-17
6.212769316673279718e+03 2.710347274280640946e-17
6.216974390506745294e+03 2.937619448918770576e-17
6.221179464340210870e+03 3.082338998424108043e-17
6.225384538173676447e+03 2.688928094063070337e-17
6.229589612007142023e+03 2.909393399440501102e-17
6.233794685840607599e+03 2.488660554010714381e-17
6.237999759674073175e+03 2.667880979685026080e-17
6.242204833507538751e+03 2.760316097032111774e-17
6.246409907341004327e+03 2.956373287766572819e-17
6.250614981174469904e+03 2.977080927221225314e-17
6.254820055007935480e+03 2.922054556768482764e-17
6.259025128841401056e+03 3.229519244815668257e-17
6.263230202674866632e+03 2.979937016440248408e-17
6.267435276508332208e+03 2.932138881052239235e-17
6.271640350341797784e+03 2.684134086104958010e-17
6.275845424175263361e+03 2.616189966898219848e-17
6.280050498008728937e+03 2.627890105790537404e-17
6.284255571842194513e+03 2.626982192350199200e-17
6.288460645675660089e+03 2.678910936845053172e-17
6.292665719509125665e+03 2.699721477567907263e-17
6.296870793342591242e+03 2.904623214284030302e-17
6.301075867176056818e+03 3.238249970745042954e-17
6.305280941009522394e+03 3.108918958483396992e-17
6.309486014842987970e+03 3.292131523230012113e-17
6.313691088676453546e+03 2.832709786189895182e-17
6.317896162509919122e+03 2.902051344323480428e-17
6.322101236343384699e+03 2.834278451503540743e-17
6.326306310176850275e+03 3.237801638853039213e-17
6.330511384010315851e+03 3.352401887894095836e-17
6.334716457843781427e+03 3.390309590133930968e-17
6.338921531677247003e+03 3.339380410691286075e-17
6.343126605510712579e+03 3.636978819264184075e-17
6.347331679344178156e+03 3.284040042478018396e-17
6.351536753177643732e+03 3.072240115761570639e-17
6.355741827011109308e+03 2.708329780766624112e-17
6.359946900844574884e+03 3.492685433210433927e-17
6.364151974678040460e+03 3.710068829061614621e-17
6.368357048511506036e+03 3.487010974208320157e-17
6.372562122344971613e+03 3.443360322411651866e-17
6.376767196178437189e+03 3.626352526243082860e-17
6.380972270011902765e+03 3.641080642485712028e-17
6.385177343845368341e+03 3.830953996396849149e-17
6.389382417678833917e+03 3.552358573472254365e-17
6.393587491512299493e+03 4.163467367753365426e-17
6.397792565345765979e+03 3.341597585605173210e-17
6.401997639179231555e+03 3.694797089720415603e-17
6.406202713012697131e+03 3.805131072034168731e-17
6.410407786846162708e+03 3.636039472960568856e-17
6.414612860679628284e+03 3.851331425350970475e-17
6.418817934513093860e+03 3.852687339811067398e-17
6.423023008346559436e+03 3.753141777918475878e-17
6.427228082180025012e+03 3.547895106886918227e-17
6.431433156013490589e+03 4.095163094107921677e-17
6.435638229846956165e+03 3.872237588152635697e-17
6.439843303680421741e+03 3.946487305168865588e-17
6.444048377513887317e+03 4.356260669226814735e-17
6.448253451347352893e+03 4.411193071961971260e-17
6.452458525180818469e+03 3.705980902474377559e-17
6.456663599014284046e+03 4.331628223201720634e-17
6.460868672847749622e+03 4.108192843116856968e-17
6.465073746681215198e+03 3.980061573615657918e-17
6.469278820514680774e+03 3.835874066680314558e-17
6.473483894348146350e+03 3.865774329718391360e-17
6.477688968181611926e+03 3.643480128006605851e-17
6.481894042015077503e+03 3.443850344206528279e-17
6.486099115848543079e+03 3.533806235821670039e-17
6.490304189682008655e+03 3.545550877030942947e-17
6.494509263515474231e+03 3.379008979477476525e-17
6.498714337348939807e+03 2.940621121925603002e-17
6.502919411182405383e+03 2.877006631481089898e-17
6.507124485015870960e+03 2.605282267032728094e-17
6.511329558849336536e+03 3.092578170918534441e-17
6.515534632682802112e+03 2.887094264487296582e-17
6.519739706516267688e+03 2.613604034867256573e-17
6.523944780349733264e+03 2.575151551475994018e-17
6.528149854183198840e+03 2.665784904012816707e-17
6.532354928016664417e+03 2.545547915405578732e-17
6.536560001850129993e+03 2.639783474073947346e-17
6.540765075683595569e+03 2.317015944694530841e-17
6.544970149517061145e+03 1.162624932974003095e-17
6.549175223350526721e+03 1.754407893013731494e-17
6.553380297183992298e+03 2.702496503086900160e-17
6.557585371017457874e+03 2.699853991902038258e-17
6.561790444850923450e+03 2.309112068505464151e-17
6.565995518684389026e+03 2.393250233436397957e-17
6.570200592517854602e+03 2.570479800812417028e-17
6.574405666351320178e+03 2.887799353241436782e-17
6.578610740184785755e+03 3.018818475697180963e-17
6.582815814018251331e+03 3.163854669941003729e-17
6.587020887851716907e+03 3.402138934637929306e-17
6.591225961685182483e+03 3.070929199926796600e-17
6.595431035518648059e+03 3.408775239256319736e-17
6.599636109352113635e+03 3.850636262764180911e-17
6.603841183185579212e+03 3.835847927772957882e-17
6.608046257019044788e+03 4.466468920087459803e-17
6.612251330852510364e+03 5.024621611552926032e-17
6.616456404685975940e+03 5.320171590056897715e-17
6.620661478519441516e+03 5.428716215269576133e-17
6.624866552352907092e+03 6.916086880057916299e-17
6.629071626186372669e+03 7.636467225874017379e-17
6.633276700019838245e+03 8.043284577294947026e-17
6.637481773853303821e+03 9.118967451215645318e-17
6.641686847686769397e+03 9.988589046637543736e-17
6.645891921520234973e+03 1.037890249047681538e-16
6.650096995353700549e+03 1.050588662590452589e-16
6.654302069187166126e+03 1.081911874805467611e-16
6.658507143020631702e+03 1.176129599459829582e-16
6.662712216854097278e+03 1.182730500748002743e-16
6.666917290687562854e+03 1.160270098662574884e-16
6.671122364521028430e+03 1.143120460807533481e-16
6.675327438354494006e+03 1.155284515674595276e-16
6.679532512187959583e+03 1.172349317886013241e-16
6.683737586021425159e+03 1.021093718052526770e-16
6.687942659854890735e+03 9.871033446703957655e-17
6.692147733688356311e+03 1.096140043085869729e-16
6.696352807521822797e+03 1.140473350498465784e-16
6.700557881355288373e+03 1.102678343345284877e-16
6.704762955188753949e+03 1.155405482567375031e-16
6.708968029022219525e+03 1.114806796358782390e-16
6.713173102855685102e+03 1.214395239294328659e-16
6.717378176689150678e+03 1.429384245057188857e-16
6.721583250522616254e+03 1.561812287706682359e-16
6.725788324356081830e+03 1.620958216133285999e-16
6.729993398189547406e+03 1.532308012571446942e-16
6.734198472023012982e+03 1.235701161942428508e-16
6.738403545856478559e+03 1.170758087085257233e-16
6.742608619689944135e+03 1.211573031393195737e-16
6.746813693523409711e+03 1.185171014427279196e-16
6.751018767356875287e+03 1.224027459742488147e-16
6.755223841190340863e+03 1.145761218369496771e-16
6.759428915023806439e+03 1.067871575785788536e-16
6.763633988857272016e+03 1.064090764816380162e-16
6.767839062690737592e+03 1.034306108540713771e-16
6.772044136524203168e+03 1.042229837064481733e-16
6.776249210357668744e+03 1.017147603309505799e-16
6.780454284191134320e+03 9.254795140008282759e-17
6.784659358024599896e+03 9.462548499168121105e-17
6.788864431858065473e+03 8.996078190692317314e-17
6.793069505691531049e+03 8.184672905037410941e-17
6.797274579524996625e+03 8.286768168450135913e-17
6.801479653358462201e+03 8.360755834648309005e-17
6.805684727191927777e+03 7.626736934892433604e-17
6.809889801025393353e+03 7.277446355479871799e-17
6.814094874858858930e+03 7.075748620148411658e-17
6.818299948692324506e+03 6.509912744281307886e-17
6.822505022525790082e+03 6.494960627528799358e-17
6.826710096359255658e+03 6.288477156045352420e-17
6.830915170192721234e+03 6.026887573898112821e-17
6.835120244026186811e+03 6.074881916527419571e-17
6.839325317859652387e+03 5.521077878978267119e-17
6.843530391693117963e+03 5.551907893024853524e-17
6.847735465526583539e+03 5.453964083670409687e-17
6.851940539360049115e+03 5.516052922193129986e-17
6.856145613193514691e+03 5.473314154303740152e-17
6.860350687026980268e+03 4.971164899030564108e-17
6.864555760860445844e+03 4.763757301366772928e-17
6.868760834693911420e+03 3.830458680646052396e-17
6.872965908527376996e+03 3.603987216840874098e-17
6.877170982360842572e+03 4.331642119836011525e-17
6.881376056194308148e+03 4.542159585730757068e-17
6.885581130027773725e+03 4.546474159805833661e-17
6.889786203861239301e+03 4.198369095647182855e-17
6.893991277694704877e+03 3.759629520898851785e-17
6.898196351528170453e+03 3.874347229586890939e-17
6.902401425361636029e+03 3.788944140063241043e-17
6.906606499195101605e+03 3.644354292477951891e-17
6.910811573028567182e+03 3.365520972409186855e-17
6.915016646862032758e+03 3.474151624405570789e-17
6.919221720695498334e+03 3.709195326334758624e-17
6.923426794528963910e+03 3.210937790407522065e-17
6.927631868362430396e+03 3.183742407972493663e-17
6.931836942195895972e+03 3.214788150722833898e-17
6.936042016029361548e+03 3.543572922750206147e-17
6.940247089862827124e+03 3.278810606645458155e-17
6.944452163696292700e+03 3.067698232454164474e-17
6.948657237529758277e+03 3.279291694889718996e-17
6.952862311363223853e+03 2.969462262907366908e-17
6.957067385196689429e+03 2.833805635065405433e-17
6.961272459030155005e+03 3.504704367510829419e-17
6.965477532863620581e+03 3.304815179870655218e-17
6.969682606697086158e+03 3.149207617398404758e-17
6.973887680530551734e+03 2.583349738527007075e-17
6.978092754364017310e+03 3.194192676959243594e-17
6.982297828197482886e+03 2.861734230395400838e-17
6.986502902030948462e+03 2.675711402235698061e-17
6.990707975864414038e+03 3.008630588400732853e-17
6.994913049697879615e+03 2.698851614435746499e-17
6.999118123531345191e+03 3.149767122364735626e-17
7.003323197364810767e+03 2.767849727178999729e-17
7.007528271198276343e+03 2.758748920643568807e-17
7.011733345031741919e+03 2.631722268132373070e-17
7.015938418865207495e+03 2.700886975050994479e-17
7.020143492698673072e+03 2.943859368587625595e-17
7.024348566532138648e+03 2.787849465465429342e-17
7.028553640365604224e+03 2.886376271715600554e-17
7.032758714199069800e+03 2.377190356407558414e-17
7.036963788032535376e+03 2.546734092403979774e-17
7.041168861866000952e+03 2.469009058762169592e-17
7.045373935699466529e+03 2.474815535790046825e-17
7.049579009532932105e+03 2.972904988616812609e-17
7.053784083366397681e+03 2.364292625424386585e-17
7.057989157199863257e+03 2.639579491334891769e-17
7.062194231033328833e+03 2.491331023900280575e-17
7.066399304866794409e+03 2.350015984360088859e-17
7.070604378700259986e+03 2.545428635961248585e-17
7.074809452533725562e+03 2.426717133839680903e-17
7.079014526367191138e+03 2.777583161446911205e-17
7.083219600200656714e+03 2.399791412284344789e-17
7.087424674034122290e+03 2.330547957771408332e-17
7.091629747867587866e+03 2.435063220784218442e-17
7.095834821701053443e+03 2.653266683494684208e-17
7.100039895534519019e+03 2.737928288317241569e-17
7.104244969367984595e+03 2.620840707174237991e-17
7.108450043201450171e+03 2.349907292827599391e-17
7.112655117034915747e+03 2.275418520614341675e-17
7.116860190868381324e+03 2.419882802182645278e-17
7.121065264701846900e+03 2.479476533105660625e-17
7.125270338535312476e+03 2.304298373648773062e-17
7.129475412368778052e+03 2.643422737896935647e-17
7.133680486202243628e+03 2.681471060840904792e-17
7.137885560035709204e+03 2.455752827701517281e-17
7.142090633869174781e+03 2.251781172866148867e-17
7.146295707702640357e+03 2.522317540518762013e-17
7.150500781536105933e+03 2.974704602757482976e-17
7.154705855369571509e+03 2.596387924778190408e-17
7.158910929203037085e+03 2.885527253534876126e-17
7.163116003036502661e+03 2.747051594165333933e-17
7.167321076869968238e+03 2.612226779147355782e-17
7.171526150703433814e+03 2.201901851056956277e-17
7.175731224536899390e+03 2.108845521069843259e-17
7.179936298370364966e+03 2.210298065146614529e-17
7.184141372203830542e+03 1.256304460834613564e-17
7.188346446037296118e+03 1.716652557442728631e-17
7.192551519870761695e+03 2.808260312516297811e-17
7.196756593704227271e+03 2.565677851920424192e-17
7.200961667537692847e+03 2.474852262609244179e-17
7.205166741371158423e+03 2.556930913251043456e-17
7.209371815204623999e+03 2.629271828285745981e-17
7.213576889038089575e+03 2.610019364964696772e-17
7.217781962871555152e+03 2.893946628681685863e-17
7.221987036705020728e+03 2.673777453963549082e-17
7.226192110538486304e+03 2.682179954625862737e-17
7.230397184371951880e+03 2.835494737876238715e-17
7.234602258205417456e+03 2.960500257278722385e-17
7.238807332038883033e+03 3.218574321822611616e-17
7.243012405872348609e+03 3.292728085887785356e-17
7.247217479705814185e+03 3.242336573843299932e-17
7.251422553539280671e+03 3.427196551497875662e-17
7.255627627372746247e+03 2.971869358489896218e-17
7.259832701206211823e+03 2.902746506910269992e-17
7.264037775039677399e+03 2.877972447564306814e-17
7.268242848873142975e+03 2.831020021634571857e-17
7.272447922706608551e+03 3.139637799455656270e-17
7.276652996540074128e+03 3.409140522214823153e-17
7.280858070373539704e+03 2.756410977360248930e-17
7.285063144207005280e+03 2.813331260543492892e-17
7.289268218040470856e+03 2.960980683778493183e-17
7.293473291873936432e+03 2.749917940423952684e-17
7.297678365707402008e+03 3.035613219982212616e-17
7.301883439540867585e+03 2.986871106079157928e-17
7.306088513374333161e+03 3.364256378688715787e-17
7.310293587207798737e+03 3.010750817746828773e-17
7.314498661041264313e+03 3.215066083408651715e-17
7.318703734874729889e+03 2.648833988028135043e-17
7.322908808708195465e+03 2.644636377291673449e-17
7.327113882541661042e+03 3.096765359179277867e-17
7.331318956375126618e+03 3.230129373235487370e-17
7.335524030208592194e+03 3.174647722573595635e-17
7.339729104042057770e+03 3.664620217485501069e-17
7.343934177875523346e+03 3.835845280794997713e-17
7.348139251708988922e+03 3.518685374224200693e-17
7.352344325542454499e+03 3.414169118594655519e-17
7.356549399375920075e+03 3.386897304671027218e-17
7.360754473209385651e+03 3.819454862393381980e-17
7.364959547042851227e+03 3.992403439227194112e-17
7.369164620876316803e+03 4.239203362894230598e-17
7.373369694709782380e+03 4.396828253444375382e-17
7.377574768543247956e+03 4.132211190255191701e-17
7.381779842376713532e+03 4.164991365313933124e-17
7.385984916210179108e+03 3.926105244003313965e-17
7.390189990043644684e+03 4.267913478466966103e-17
7.394395063877110260e+03 4.303162291345810782e-17
7.398600137710575837e+03 4.307275364223669457e-17
7.402805211544041413e+03 4.787846786037787221e-17
7.407010285377506989e+03 4.692298160865051931e-17
7.411215359210972565e+03 4.610432757385168824e-17
7.415420433044438141e+03 4.331877700874466627e-17
7.419625506877903717e+03 4.489886072356590995e-17
7.423830580711369294e+03 4.536342851663284178e-17
7.428035654544834870e+03 4.260472492548684088e-17
7.432240728378300446e+03 4.397464520771551171e-17
7.436445802211766022e+03 3.953832669008336474e-17
7.440650876045231598e+03 4.123423554299673356e-17
7.444855949878697174e+03 4.062653572545607604e-17
7.449061023712163660e+03 4.238611432447887651e-17
7.453266097545629236e+03 4.287550415336729959e-17
7.457471171379094812e+03 4.421724404648751387e-17
7.461676245212560389e+03 3.936076740851518203e-17
7.465881319046025965e+03 3.772768126876399055e-17
7.470086392879491541e+03 4.137288424855042185e-17
7.474291466712957117e+03 4.551782674104953971e-17
7.478496540546422693e+03 4.855484021237268209e-17
7.482701614379888269e+03 5.085373064461270597e-17
7.486906688213353846e+03 5.199254658986141150e-17
7.491111762046819422e+03 4.946161214346556209e-17
7.495316835880284998e+03 5.095558635652003559e-17
7.499521909713750574e+03 5.188695202158534220e-17
7.503726983547216150e+03 5.127112598170696374e-17
7.507932057380681726e+03 5.238873301604980964e-17
7.512137131214147303e+03 4.972603531551916334e-17
7.516342205047612879e+03 5.273035199158930964e-17
7.520547278881078455e+03 4.672271456490653088e-17
7.524752352714544031e+03 4.822292902850210442e-17
7.528957426548009607e+03 4.565394096520636552e-17
7.533162500381475184e+03 4.896379499849644876e-17
7.537367574214940760e+03 5.348615022600146124e-17
7.541572648048406336e+03 5.020671658691862815e-17
7.545777721881871912e+03 4.451567095916194499e-17
7.549982795715337488e+03 4.346368250845170566e-17
7.554187869548803064e+03 4.036882595125395516e-17
7.558392943382268641e+03 3.829178535930065331e-17
7.562598017215734217e+03 4.215992674905992641e-17
7.566803091049199793e+03 4.077069345388936749e-17
7.571008164882665369e+03 4.291193318754413493e-17
7.575213238716130945e+03 4.440601989716191564e-17
7.579418312549596521e+03 3.819102152580189369e-17
7.583623386383062098e+03 4.183661493483745001e-17
7.587828460216527674e+03 3.949727206192113287e-17
7.592033534049993250e+03 2.987857436241566158e-17
7.596238607883458826e+03 1.801011248724969073e-17
7.600443681716924402e+03 1.315545068354130023e-17
7.604648755550389978e+03 1.264238032807670907e-17
7.608853829383855555e+03 1.433375953995573752e-17
7.613058903217321131e+03 2.216750239360650655e-17
7.617263977050786707e+03 2.685413569076455033e-17
7.621469050884252283e+03 2.433490585003632626e-17
7.625674124717717859e+03 2.058484614708022296e-17
7.629879198551183435e+03 1.490206901672661986e-17
7.634084272384649012e+03 1.532127091627869344e-17
7.638289346218114588e+03 1.657780128013859524e-17
7.642494420051580164e+03 1.989761125928136672e-17
7.646699493885045740e+03 2.584931473294330975e-17
7.650904567718511316e+03 3.072988217907563597e-17
7.655109641551976893e+03 2.681034474913599304e-17
7.659314715385442469e+03 2.668399125620729296e-17
7.663519789218908045e+03 2.886543362199336265e-17
7.667724863052373621e+03 2.512912496954034089e-17
7.671929936885839197e+03 2.934248853358739498e-17
7.676135010719304773e+03 3.217089036314711400e-17
7.680340084552770350e+03 2.862655378725539889e-17
7.684545158386235926e+03 3.285050526314313175e-17
7.688750232219701502e+03 3.181386928460187662e-17
7.692955306053167078e+03 2.811300366703552698e-17
7.697160379886632654e+03 2.899662446714427284e-17
7.701365453720098230e+03 2.590364560993701771e-17
7.705570527553563807e+03 2.257312198750045942e-17
7.709775601387029383e+03 2.083044103403089220e-17
7.713980675220494959e+03 1.969049350570421412e-17
7.718185749053960535e+03 2.924813038675224601e-17
7.722390822887426111e+03 3.474719070305782166e-17
7.726595896720891687e+03 3.214727601101995016e-17
7.730800970554357264e+03 3.218118048996727366e-17
7.735006044387822840e+03 2.498532954621534766e-17
7.739211118221288416e+03 2.039407182804589308e-17
7.743416192054753992e+03 1.735764400059643824e-17
7.747621265888219568e+03 1.996409672819592887e-17
7.751826339721685144e+03 2.998340130708328167e-17
7.756031413555150721e+03 2.822799500707019868e-17
7.760236487388616297e+03 -1.502408353375217304e-18
7.764441561222081873e+03 2.591244184857090661e-17
7.768646635055547449e+03 2.285427902334600842e-17
7.772851708889013025e+03 1.905634541525778609e-17
7.777056782722478601e+03 1.941743953113923458e-17
7.781261856555944178e+03 2.291017658041989181e-17
7.785466930389409754e+03 3.119108169268825187e-17
7.789672004222876240e+03 3.523052556986235658e-17
7.793877078056341816e+03 3.859663119352849591e-17
7.798082151889807392e+03 3.124326024572809685e-17
7.802287225723272968e+03 1.983285790656949061e-17
7.806492299556738544e+03 2.230871370469788412e-17
7.810697373390204120e+03 2.499684720906453602e-17
7.814902447223669697e+03 2.547194997441294321e-17
7.819107521057135273e+03 2.120428696623545816e-17
7.823312594890600849e+03 2.852531349772380873e-17
7.827517668724066425e+03 2.433203553331076725e-17
7.831722742557532001e+03 2.766559159987294495e-17
7.835927816390997577e+03 2.563653740961506933e-17
7.840132890224463154e+03 1.894406557327106322e-17
7.844337964057928730e+03 1.761108717719901061e-17
7.848543037891394306e+03 2.258222759168344314e-17
7.852748111724859882e+03 2.468280147206387864e-17
7.856953185558325458e+03 3.035452416071132307e-17
7.861158259391791034e+03 1.213825841247871657e-17
7.865363333225256611e+03 2.190333564754279674e-17
7.869568407058722187e+03 2.077559234197372604e-17
7.873773480892187763e+03 1.577677446419326919e-17
7.877978554725653339e+03 2.581728960834770673e-17
7.882183628559118915e+03 2.983551795717105139e-17
7.886388702392584491e+03 3.065371869699420339e-17
7.890593776226050068e+03 3.629980540409740439e-17
7.894798850059515644e+03 3.027469792287750569e-17
7.899003923892981220e+03 2.562408172395124584e-17
7.903208997726446796e+03 1.979433114235922079e-17
7.907414071559912372e+03 6.784321557971588032e-18
7.911619145393377948e+03 3.294547883235402017e-17
7.915824219226843525e+03 4.219890019080097486e-17
7.920029293060309101e+03 3.568765535486121158e-17
7.924234366893774677e+03 2.686676177563455974e-17
7.928439440727240253e+03 1.802156563001109995e-17
7.932644514560705829e+03 1.819937968320794899e-17
7.936849588394171406e+03 2.452282805031857330e-17
7.941054662227636982e+03 3.124833582596672223e-17
7.945259736061102558e+03 3.557621427401561748e-17
7.949464809894568134e+03 3.188764056035180584e-17
7.953669883728033710e+03 2.140510491226740690e-17
7.957874957561499286e+03 1.305783344509269233e-17
7.962080031394964863e+03 9.541560625843063798e-18
7.966285105228430439e+03 1.695507504880158095e-17
7.970490179061896015e+03 3.403898844109197127e-17
7.974695252895361591e+03 3.391570544259706803e-17
7.978900326728827167e+03 2.992636885820897552e-17
7.983105400562292743e+03 2.641769534724687166e-17
7.987310474395759229e+03 2.611296366394356137e-17
7.991515548229224805e+03 2.007950331289810219e-17
7.995720622062690381e+03 1.801746612289528715e-17
7.999925695896155958e+03 2.441196765026299142e-17
8.004130769729621534e+03 2.426289150590745967e-17
8.008335843563087110e+03 2.876336284312676925e-17
8.012540917396552686e+03 3.013010344308078624e-17
8.016745991230018262e+03 2.797539720905365551e-17
8.020951065063483838e+03 2.545394225247766379e-17
8.025156138896949415e+03 2.459884594861219654e-17
8.029361212730414991e+03 2.189010075774194830e-17
8.033566286563880567e+03 1.927271270244450664e-17
8.037771360397346143e+03 2.213880749815704202e-17
8.041976434230811719e+03 2.520505849541148372e-17
8.046181508064277295e+03 2.805893914219906109e-17
8.050386581897742872e+03 2.766850492999035671e-17
8.054591655731208448e+03 2.797626078561316087e-17
8.058796729564674024e+03 2.683086710013343366e-17
8.063001803398139600e+03 1.684795185075351365e-17
8.067206877231605176e+03 2.256621668374686674e-17
8.071411951065070753e+03 2.483827172255444529e-17
8.075617024898536329e+03 1.791926820365666702e-17
8.079822098732001905e+03 1.832600614573879158e-17
8.084027172565467481e+03 1.976932216371929255e-17
8.088232246398933057e+03 1.966638780829319379e-17
8.092437320232398633e+03 2.112573954962864776e-17
8.096642394065864210e+03 2.010415660387463262e-17
8.100847467899329786e+03 2.553974404305656425e-17
8.105052541732795362e+03 2.739490170749864196e-17
8.109257615566260938e+03 2.342609740027534071e-17
8.113462689399726514e+03 2.680258248626779543e-17
8.117667763233192090e+03 2.242135254307045500e-17
8.121872837066657667e+03 1.923400230413825006e-17
8.126077910900123243e+03 1.832672082978803739e-17
8.130282984733588819e+03 2.012317017743477652e-17
8.134488058567054395e+03 1.732380404173689388e-17
8.138693132400519971e+03 2.104983911098200704e-17
8.142898206233985547e+03 2.277911642980576500e-17
8.147103280067451124e+03 2.306859159389114725e-17
8.151308353900916700e+03 2.326001773124816892e-17
8.155513427734382276e+03 2.299004748600678706e-17
8.159718501567847852e+03 2.089366244824832010e-17
8.163923575401313428e+03 1.935724063488007544e-17
8.168128649234779004e+03 1.781598643237329599e-17
8.172333723068244581e+03 1.951919432701183273e-17
8.176538796901710157e+03 2.216667686735517863e-17
8.180743870735175733e+03 1.527649066663752274e-17
8.184948944568641309e+03 2.477581793194546660e-17
8.189154018402106885e+03 2.264984795239842805e-17
8.193359092235572462e+03 2.009152721028217300e-17
8.197564166069038038e+03 2.257121947209158745e-17
8.201769239902503614e+03 2.191477390105318001e-17
8.205974313735969190e+03 2.439717269782686797e-17
8.210179387569434766e+03 2.161180907553828299e-17
8.214384461402900342e+03 2.338562345290312106e-17
8.218589535236365919e+03 1.910361051545906609e-17
8.222794609069831495e+03 2.021865990734789803e-17
8.226999682903297071e+03 2.232719788266599408e-17
8.231204756736762647e+03 1.917965819225474124e-17
8.235409830570228223e+03 1.996635989435187396e-17
8.239614904403693799e+03 1.981762951149238937e-17
8.243819978237159376e+03 1.700630399849821506e-17
8.248025052070624952e+03 2.120156057893648338e-17
8.252230125904090528e+03 2.057085852292195126e-17
8.256435199737556104e+03 2.043878094015438423e-17
8.260640273571021680e+03 2.418402314322297869e-17
8.264845347404487256e+03 2.147547813006096828e-17
8.269050421237952833e+03 2.247572974217846594e-17
8.273255495071418409e+03 1.975050380478371117e-17
8.277460568904883985e+03 1.938008901776001517e-17
8.281665642738349561e+03 1.967367857821223617e-17
8.285870716571815137e+03 2.163644416854133726e-17
8.290075790405280713e+03 2.576606065865107262e-17
8.294280864238746290e+03 1.854160746367828803e-17
8.298485938072211866e+03 1.688896181116266766e-17
8.302691011905677442e+03 1.500101801596143814e-17
8.306896085739143018e+03 1.838676587045326167e-17
8.311101159572608594e+03 2.123258646935212234e-17
8.315306233406074170e+03 1.271526900211304421e-17
8.319511307239539747e+03 1.704788305916880555e-17
8.323716381073005323e+03 2.021578297317743860e-17
8.327921454906470899e+03 2.263434493335795921e-17
8.332126528739936475e+03 2.151440524968771376e-17
8.336331602573402051e+03 1.631862243316858018e-17
8.340536676406867628e+03 2.310869330998771803e-17
8.344741750240333204e+03 1.976944624081117551e-17
8.348946824073798780e+03 2.279644090055507562e-17
8.353151897907264356e+03 1.563976192189121079e-17
8.357356971740729932e+03 1.805314407707592434e-17
8.361562045574195508e+03 2.245124519604689632e-17
8.365767119407661085e+03 2.103377195476377703e-17
8.369972193241126661e+03 2.553124228072074423e-17
8.374177267074592237e+03 2.492870241584119249e-17
8.378382340908057813e+03 2.594204995141662968e-17
8.382587414741523389e+03 2.417748841638380977e-17
8.386792488574988965e+03 2.411977106196230971e-17
8.390997562408454542e+03 1.658095118391119717e-17
8.395202636241920118e+03 2.411032135064450393e-17
8.399407710075385694e+03 2.286805323490624143e-17
8.403612783908851270e+03 2.091467614452961722e-17
8.407817857742316846e+03 2.362271657751797028e-17
8.412022931575782422e+03 1.791847907335229143e-17
8.416228005409247999e+03 2.045515911628293418e-17
8.420433079242713575e+03 1.881953684077365511e-17
8.424638153076179151e+03 1.803834416155612557e-17
8.428843226909644727e+03 2.025821733860140892e-17
8.433048300743110303e+03 2.225871725411395402e-17
8.437253374576575879e+03 2.283258538460119271e-17
8.441458448410041456e+03 2.214725962965610886e-17
8.445663522243507032e+03 1.945466431306534593e-17
8.449868596076972608e+03 2.251849001676378215e-17
8.454073669910438184e+03 2.413824862248551925e-17
8.458278743743903760e+03 2.214559865098610238e-17
8.462483817577369337e+03 1.922665528593755406e-17
8.466688891410834913e+03 1.571672280608314449e-17
8.470893965244300489e+03 1.944147243665635024e-17
8.475099039077766065e+03 2.223221438728775501e-17
8.479304112911231641e+03 1.898122914383184565e-17
8.483509186744697217e+03 2.193267905259250284e-17
8.487714260578162794e+03 2.263177405601414440e-17
8.491919334411628370e+03 2.293970031084313448e-17
8.496124408245095765e+03 2.497539510705858580e-17
8.500329482078561341e+03 2.030358323211626717e-17
8.504534555912026917e+03 2.402344091654683432e-17
8.508739629745492493e+03 2.483799378986862748e-17
8.512944703578958070e+03 1.827758299267993734e-17
8.517149777412423646e+03 1.757746724838240535e-17
8.521354851245889222e+03 1.776742927605520815e-17
8.525559925079354798e+03 2.138282893837135386e-17
8.529764998912820374e+03 1.956788383222792904e-17
8.533970072746285950e+03 2.510082546642367670e-17
8.538175146579751527e+03 3.169726990545640184e-17
8.542380220413217103e+03 2.670742031987724492e-17
8.546585294246682679e+03 3.055583345202712831e-17
8.550790368080148255e+03 2.434751373693285951e-17
8.554995441913613831e+03 2.138093965785228275e-17
8.559200515747079407e+03 2.636391206381867380e-17
8.563405589580544984e+03 2.034011649105028419e-17
8.567610663414010560e+03 1.967856556127119946e-17
8.571815737247476136e+03 2.343063531311580662e-17
8.576020811080941712e+03 2.306786863803577590e-17
8.580225884914407288e+03 2.626456767225105517e-17
8.584430958747872864e+03 2.730545370477960776e-17
8.588636032581338441e+03 2.673398605242999795e-17
8.592841106414804017e+03 2.701455082695695899e-17
8.597046180248269593e+03 2.279354742277236512e-17
8.601251254081735169e+03 2.375921792220147090e-17
8.605456327915200745e+03 2.573558401616216887e-17
8.609661401748666322e+03 2.115499031044974792e-17
8.613866475582131898e+03 2.280288629188808881e-17
8.618071549415597474e+03 3.161904839801093733e-17
8.622276623249063050e+03 3.607542769985872032e-17
8.626481697082528626e+03 4.130099894459711353e-17
8.630686770915994202e+03 4.069006981394504899e-17
8.634891844749459779e+03 3.663554147112042727e-17
8.639096918582925355e+03 3.151508172118037238e-17
8.643301992416390931e+03 3.186700405842983290e-17
8.647507066249856507e+03 2.854710474378090569e-17
8.651712140083322083e+03 2.686724650347351582e-17
8.655917213916787659e+03 3.304072371680582599e-17
8.660122287750253236e+03 3.780849019716552093e-17
8.664327361583718812e+03 4.213330476822551977e-17
8.668532435417184388e+03 4.336854350311830663e-17
8.672737509250649964e+03 4.430432300393219620e-17
8.676942583084115540e+03 4.583264506474232162e-17
8.681147656917581116e+03 4.039682766935010026e-17
8.685352730751046693e+03 3.469545221010385489e-17
8.689557804584512269e+03 3.270089806883434095e-17
8.693762878417977845e+03 3.010163188639671103e-17
8.697967952251443421e+03 2.629937543242728658e-17
8.702173026084908997e+03 3.223282633869263450e-17
8.706378099918374573e+03 3.031010125309477527e-17
8.710583173751840150e+03 3.657274853646030183e-17
8.714788247585305726e+03 3.929211803511818116e-17
8.718993321418771302e+03 3.692548151071006431e-17
8.723198395252236878e+03 3.113061148118817533e-17
8.727403469085702454e+03 3.228083921016766244e-17
8.731608542919168030e+03 3.124793877927269678e-17
8.735813616752633607e+03 2.870741234649368246e-17
8.740018690586099183e+03 2.963912211869381113e-17
8.744223764419564759e+03 3.356668485493644353e-17
8.748428838253030335e+03 3.581785689199950835e-17
8.752633912086495911e+03 4.724027485673605988e-17
8.756838985919961488e+03 4.689910586744978872e-17
8.761044059753427064e+03 3.282127270029550775e-17
8.765249133586892640e+03 3.317760225584865080e-17
8.769454207420358216e+03 3.015455490198785374e-17
8.773659281253823792e+03 2.865147839347284672e-17
8.777864355087289368e+03 3.143733666976773842e-17
8.782069428920754945e+03 3.788723117403566874e-17
8.786274502754220521e+03 4.475695954384366316e-17
8.790479576587686097e+03 4.571545011555580866e-17
8.794684650421151673e+03 4.590364693980142330e-17
8.798889724254617249e+03 4.509776788238286120e-17
8.803094798088082825e+03 4.321560442530215224e-17
8.807299871921548402e+03 4.079626656970705690e-17
8.811504945755013978e+03 4.645800353399976118e-17
8.815710019588479554e+03 3.523784446392222577e-17
8.819915093421945130e+03 3.052007567491737975e-18
8.824120167255410706e+03 1.501214194083905126e-17
8.828325241088876282e+03 3.630131749025715133e-17
8.832530314922341859e+03 5.252582000460699781e-17
8.836735388755807435e+03 5.176604468580969125e-17
8.840940462589273011e+03 4.697582852362530714e-17
8.845145536422738587e+03 4.476984370906478912e-17
8.849350610256204163e+03 4.738551453741057069e-17
8.853555684089669739e+03 3.821237271177311244e-17
8.857760757923135316e+03 3.773135395068372600e-17
8.861965831756600892e+03 2.706839366738926066e-17
8.866170905590066468e+03 2.529495979310619698e-17
8.870375979423532044e+03 2.094572354164118256e-17
8.874581053256997620e+03 5.410232699045956219e-17
8.878786127090463197e+03 5.812595517432165302e-17
8.882991200923928773e+03 7.623749158519892068e-17
8.887196274757394349e+03 7.663761539110307123e-17
8.891401348590859925e+03 5.275972352077984255e-17
8.895606422424327320e+03 4.037700511315087950e-17
8.899811496257792896e+03 4.059824945722921271e-17
8.904016570091258473e+03 3.238064020543341033e-17
8.908221643924724049e+03 4.083364851594955332e-17
8.912426717758189625e+03 2.301688784252290770e-17
8.916631791591655201e+03 2.100328704046874775e-17
8.920836865425120777e+03 2.151229263040325333e-17
8.925041939258586353e+03 3.030780830843677828e-17
8.929247013092051930e+03 4.277239112692888937e-17
8.933452086925517506e+03 4.331653038620097225e-17
8.937657160758983082e+03 4.364206235318754097e-17
8.941862234592448658e+03 4.485769690756282108e-17
8.946067308425914234e+03 4.261842965387561944e-17
8.950272382259379810e+03 3.156171816411611208e-17
8.954477456092845387e+03 3.377367853142171318e-17
8.958682529926310963e+03 3.518419022066958618e-17
8.962887603759776539e+03 2.883117180102141624e-17
8.967092677593242115e+03 2.744441012152116577e-17
8.971297751426707691e+03 2.825789924057521573e-17
8.975502825260173267e+03 2.918676351146816199e-17
8.979707899093638844e+03 3.232791240446683013e-17
8.983912972927104420e+03 1.469117270211132503e-17
8.988118046760569996e+03 2.836483384144362094e-17
8.992323120594035572e+03 4.411314502075894045e-17
8.996528194427501148e+03 4.765264093570599523e-17
9.000733268260966724e+03 2.799325107539500006e-17
9.004938342094432301e+03 3.289238707191791664e-17
9.009143415927897877e+03 2.724545002314501113e-17
9.013348489761363453e+03 2.529701285538655359e-17
9.017553563594829029e+03 2.376055299171013149e-17
9.021758637428294605e+03 2.490555128485705835e-17
9.025963711261760182e+03 2.415687507551898832e-17
9.030168785095225758e+03 1.946209404932729722e-17
9.034373858928691334e+03 2.514892601904363526e-17
9.038578932762156910e+03 6.756991820725565705e-19
9.042784006595622486e+03 1.935698917197385932e-17
9.046989080429088062e+03 2.928365613970017344e-17
9.051194154262553639e+03 3.073968261497316424e-17
9.055399228096019215e+03 2.961396590190484845e-17
9.059604301929484791e+03 2.360511913716651717e-17
9.063809375762950367e+03 2.288689640926019940e-17
9.068014449596415943e+03 2.465322811080388279e-17
9.072219523429881519e+03 1.895694973849218918e-17
9.076424597263347096e+03 1.668516766928675312e-17
9.080629671096812672e+03 1.972398439434526110e-17
9.084834744930278248e+03 2.060450492151815822e-17
9.089039818763743824e+03 1.976448646585830755e-17
9.093244892597209400e+03 2.284403356427892662e-17
9.097449966430674976e+03 2.299090609948261710e-17
9.101655040264140553e+03 2.409772173555409621e-17
9.105860114097606129e+03 2.712651303158846149e-17
9.110065187931071705e+03 2.508942691758269598e-17
9.114270261764537281e+03 2.548753240279221714e-17
9.118475335598002857e+03 2.149028962610934280e-17
9.122680409431468433e+03 2.036969646975518046e-17
9.126885483264934010e+03 1.821885978663357280e-17
9.131090557098399586e+03 1.385315850507569036e-17
9.135295630931865162e+03 1.496525899808077075e-17
9.139500704765330738e+03 2.345292286754043539e-17
9.143705778598796314e+03 2.231644288034157961e-17
9.147910852432261890e+03 2.008459047366530331e-17
9.152115926265727467e+03 2.193413323610937107e-17
9.156321000099193043e+03 2.074071509862604018e-17
9.160526073932658619e+03 1.827647291629789117e-17
9.164731147766124195e+03 1.821436488718495964e-17
9.168936221599589771e+03 1.888990840420599139e-17
9.173141295433055348e+03 1.859240958817884478e-17
9.177346369266520924e+03 1.656208484850008771e-17
9.181551443099986500e+03 2.069103297667488023e-17
9.185756516933452076e+03 1.785446522010803773e-17
9.189961590766917652e+03 1.396234717311330256e-17
9.194166664600383228e+03 1.786526819890798027e-17
9.198371738433848805e+03 1.641394341823674088e-17
9.202576812267314381e+03 1.426995909930952249e-17
9.206781886100779957e+03 1.959595007041185327e-17
9.210986959934245533e+03 2.062531513136876729e-17
9.215192033767711109e+03 1.874331049296566851e-17
9.219397107601176685e+03 2.303114016447719637e-17
9.223602181434642262e+03 2.533166841433007524e-17
9.227807255268107838e+03 2.274502997112367984e-17
9.232012329101573414e+03 2.013985771911242130e-17
9.236217402935038990e+03 1.589107593559707166e-17
9.240422476768504566e+03 1.698615387877642330e-17
9.244627550601970142e+03 1.943079684367074087e-17
9.248832624435435719e+03 1.541823633640460956e-17
9.253037698268901295e+03 1.837266244100923255e-17
9.257242772102366871e+03 2.248435227288371870e-17
9.261447845935832447e+03 1.890531547029540408e-17
9.265652919769298023e+03 1.793989477941128932e-17
9.269857993602763599e+03 2.237688000461715402e-17
9.274063067436229176e+03 2.141175213566988303e-17
9.278268141269694752e+03 1.583741176617708144e-17
9.282473215103160328e+03 1.851167179730999396e-17
9.286678288936625904e+03 1.347312112598616498e-17
9.290883362770091480e+03 1.828890874962701339e-17
9.295088436603557057e+03 2.277040290923313141e-17
9.299293510437022633e+03 2.304294899490200339e-17
9.303498584270488209e+03 2.470251649478346750e-17
9.307703658103953785e+03 2.606988409764179968e-17
9.311908731937419361e+03 2.929946521556728691e-17
9.316113805770884937e+03 1.597147127369232553e-17
9.320318879604350514e+03 1.150209200133765915e-17
9.324523953437816090e+03 1.225214877511808019e-17
9.328729027271281666e+03 1.017474918677893032e-17
9.332934101104747242e+03 9.861455356955083637e-18
9.337139174938212818e+03 9.439745445785749280e-18
9.341344248771678394e+03 1.245553263541016842e-17
9.345549322605143971e+03 1.081232015060010278e-17
9.349754396438609547e+03 1.064470771589787022e-17
9.353959470272075123e+03 1.142908669483495404e-17
9.358164544105540699e+03 8.728508258152441836e-18
9.362369617939006275e+03 1.608565197672669526e-17
9.366574691772471851e+03 2.110255864014246171e-17
9.370779765605937428e+03 1.465178401570277496e-17
9.374984839439403004e+03 1.385822085042451489e-17
9.379189913272868580e+03 9.282625797153751886e-18
9.383394987106334156e+03 1.122414690781065356e-17
9.387600060939799732e+03 1.551609676595330805e-17
9.391805134773265308e+03 1.429599378190901649e-17
9.396010208606730885e+03 9.045601328529744570e-18
9.400215282440196461e+03 1.926186009280781092e-17
9.404420356273662037e+03 9.035536194836199330e-18
9.408625430107127613e+03 1.932448262826175043e-17
9.412830503940593189e+03 1.317395967692778678e-17
9.417035577774058765e+03 1.112878869961492797e-17
9.421240651607524342e+03 1.460355276854603303e-17
9.425445725440989918e+03 1.651189152893036999e-17
9.429650799274455494e+03 1.645848543986149631e-17
9.433855873107921070e+03 1.831298301417475671e-17
9.438060946941386646e+03 1.272026103710980174e-17
9.442266020774852223e+03 5.446576947210004873e-18
9.446471094608317799e+03 8.002203148480868439e-18
9.450676168441783375e+03 8.642863631889926456e-18
9.454881242275248951e+03 8.422859231549810238e-18
9.459086316108714527e+03 9.496994615980544326e-18
9.463291389942180103e+03 1.801516656079238973e-17
9.467496463775645680e+03 2.046510513596827178e-17
9.471701537609111256e+03 1.816962103349074127e-17
9.475906611442576832e+03 1.910685968090517438e-17
9.480111685276042408e+03 8.981287208723134116e-18
9.484316759109507984e+03 1.584350808729159725e-17
9.488521832942973560e+03 1.396241831064598212e-17
9.492726906776439137e+03 1.357038763985505040e-17
9.496931980609904713e+03 2.859881221746190173e-18
9.501137054443370289e+03 5.482933603083241822e-18
9.505342128276835865e+03 1.571696599718323508e-17
9.509547202110301441e+03 1.964479177686065934e-17
9.513752275943767017e+03 1.193122254978220672e-17
9.517957349777232594e+03 -1.403249539778024952e-17
9.522162423610698170e+03 8.049346653132103145e-18
9.526367497444163746e+03 1.414227053687216182e-17
9.530572571277629322e+03 1.553290342163916047e-17
9.534777645111094898e+03 1.108638907577668488e-17
9.538982718944560474e+03 1.499099424129852055e-17
9.543187792778026051e+03 7.453951974383784461e-18
9.547392866611491627e+03 -2.025232615827880626e-17
9.551597940444957203e+03 -2.010121184089394385e-17
9.555803014278422779e+03 -5.898561668798780043e-18
9.560008088111888355e+03 6.910522849667578358e-18
9.564213161945353932e+03 8.888058990604732579e-18
9.568418235778819508e+03 7.176745553143788720e-18
9.572623309612286903e+03 8.402929969051570143e-18
9.576828383445752479e+03 1.206743768997376400e-17
9.581033457279218055e+03 1.130020533795429190e-17
9.585238531112683631e+03 1.374858881357857426e-17
9.589443604946149208e+03 6.924160162836433849e-18
9.593648678779614784e+03 7.154174275769054254e-18
9.597853752613080360e+03 1.916888664631807572e-17
9.602058826446545936e+03 1.818043393845803445e-17
9.606263900280011512e+03 2.111880281301177807e-17
9.610468974113477088e+03 2.332345586678608571e-17
9.614674047946942665e+03 2.113256875276588555e-17
9.618879121780408241e+03 1.774517977193875682e-17
9.623084195613873817e+03 1.528507018395092274e-17
9.627289269447339393e+03 1.526027461790903318e-17
9.631494343280804969e+03 1.419311402040334622e-17
9.635699417114270545e+03 2.198242569463144193e-17
9.639904490947736122e+03 1.019168653700156611e-17
9.644109564781201698e+03 1.521921833538557621e-17
9.648314638614667274e+03 7.995162187106817067e-18
9.652519712448132850e+03 1.709861735485913295e-17
9.656724786281598426e+03 1.486880642993463752e-17
9.660929860115064002e+03 1.194574535979680023e-17
9.665134933948529579e+03 1.183176897037373110e-17
9.669340007781995155e+03 1.922400996233860948e-17
9.673545081615460731e+03 2.097183267049580632e-17
9.677750155448926307e+03 1.987922799734798823e-17
9.681955229282391883e+03 8.686906036424699862e-18
9.686160303115857459e+03 1.307537711870432949e-17
9.690365376949323036e+03 2.003790605425403553e-17
9.694570450782788612e+03 1.305555125378265853e-17
9.698775524616254188e+03 2.132366070915543579e-17
9.702980598449719764e+03 3.110747358509384204e-17
9.707185672283185340e+03 2.210975029759927927e-17
9.711390746116650917e+03 2.349021713263800120e-17
9.715595819950116493e+03 1.526171887525855077e-17
9.719800893783582069e+03 1.323046107584883389e-17
9.724005967617047645e+03 1.279929070001373055e-17
9.728211041450513221e+03 1.051007414503751433e-17
9.732416115283978797e+03 5.556468718768287153e-18
9.736621189117444374e+03 5.331158368388949539e-18
9.740826262950909950e+03 1.174421769279928099e-17
9.745031336784375526e+03 5.465188510992447996e-18
9.749236410617841102e+03 8.611698775131378585e-18
9.753441484451306678e+03 2.016656241800808324e-17
9.757646558284772254e+03 2.165821556226373294e-17
9.761851632118237831e+03 3.660218954882228919e-17
9.766056705951703407e+03 3.236861299932688931e-17
9.770261779785168983e+03 2.746098020355182802e-17
9.774466853618634559e+03 1.234917623378993778e-17
9.778671927452100135e+03 3.558901902989793835e-17
9.782877001285565711e+03 1.863294474691639334e-17
9.787082075119031288e+03 1.813264109702594562e-17
9.791287148952496864e+03 1.857214531753252070e-17
9.795492222785962440e+03 1.137209229626882532e-17
9.799697296619428016e+03 1.826054968950624539e-17
9.803902370452893592e+03 3.275266303156790942e-17
9.808107444286359168e+03 3.003984480336145007e-17
9.812312518119824745e+03 1.543491891499857902e-17
9.816517591953290321e+03 1.686046709342144096e-17
9.820722665786755897e+03 1.652495105644135719e-17
9.824927739620221473e+03 1.726725797506276891e-17
9.829132813453687049e+03 2.136006327355266944e-17
9.833337887287152626e+03 1.416371105834953630e-17
9.837542961120618202e+03 1.703645142310332270e-17
9.841748034954083778e+03 1.444884021549656494e-17
9.845953108787549354e+03 9.124026322405897124e-18
9.850158182621014930e+03 2.058018746587032431e-17
9.854363256454480506e+03 1.515793914124642281e-17
9.858568330287946083e+03 2.416104241144503048e-17
9.862773404121411659e+03 1.542327882941873281e-17
9.866978477954877235e+03 1.667962225046019763e-17
9.871183551788342811e+03 1.172125598617542149e-17
9.875388625621808387e+03 3.091949182780749119e-17
9.879593699455273963e+03 1.282184129787315119e-17
9.883798773288739540e+03 2.406701017377122740e-17
9.888003847122205116e+03 6.402351057790526230e-18
9.892208920955670692e+03 1.616451206760505070e-17
9.896413994789136268e+03 2.335117303475151257e-17
9.900619068622601844e+03 4.922232119996315948e-18
9.904824142456067420e+03 2.014729241845804791e-17
9.909029216289532997e+03 1.896167831646384856e-18
9.913234290122998573e+03 -1.781869329820981451e-16
9.917439363956464149e+03 -9.422706848656136995e-17
9.921644437789929725e+03 1.499632955624948758e-17
9.925849511623395301e+03 -7.091098445339435682e-18
9.930054585456860877e+03 8.608777173207841292e-18
9.934259659290326454e+03 6.719628589444428290e-18
9.938464733123792030e+03 1.714468966061711148e-17
9.942669806957257606e+03 1.367029947732288040e-17
9.946874880790723182e+03 6.640102411377814518e-19
9.951079954624188758e+03 1.999785396899421793e-17
9.955285028457654334e+03 3.131988364023010891e-17
9.959490102291119911e+03 5.095238185882700516e-18
9.963695176124585487e+03 2.042921707791204612e-17
9.967900249958051063e+03 1.341790764727886294e-17
9.972105323791518458e+03 2.198753436209456943e-17
9.976310397624984034e+03 4.139449186051153204e-18
9.980515471458449611e+03 2.453486518259244496e-17
9.984720545291915187e+03 1.673217468913691658e-17
9.988925619125380763e+03 2.843155422965214815e-17
9.993130692958846339e+03 2.844020984758190303e-17
