5.999515625000000000e+03 2.416887250312345744e-17
6.003720698833465576e+03 2.895774036090938012e-17
6.007925772666931152e+03 2.570202529871089254e-17
6.012130846500396729e+03 2.533777300725071659e-17
6.016335920333862305e+03 2.899539031367034372e-17
6.020540994167327881e+03 2.654223069718918018e-17
6.024746068000793457e+03 2.487888629063079895e-17
6.028951141834259033e+03 2.722779137142822910e-17
6.033156215667724609e+03 2.351144424151733700e-17
6.037361289501190186e+03 2.380952539269572094e-17
6.041566363334655762e+03 2.230701302135847509e-17
6.045771437168121338e+03 2.708839820332324308e-17
6.049976511001586914e+03 2.881501530929703051e-17
6.054181584835052490e+03 3.021622948845980748e-17
6.058386658668518066e+03 2.280122862194053254e-17
6.062591732501983643e+03 2.441442106795982370e-17
6.066796806335449219e+03 2.465080943469277774e-17
6.071001880168914795e+03 2.136402546868679844e-17
6.075206954002380371e+03 2.388248603144534820e-17
6.079412027835845947e+03 2.284889904064196352e-17
6.083617101669311523e+03 2.604569402780829894e-17
6.087822175502777100e+03 2.521191582268954832e-17
6.092027249336242676e+03 2.984205930145512073e-17
6.096232323169708252e+03 2.669928582573339844e-17
6.100437397003173828e+03 2.440182641595309130e-17
6.104642470836639404e+03 2.348860082172107258e-17
6.108847544670104980e+03 2.309241108681022424e-17
6.113052618503570557e+03 2.406338381396579492e-17
6.117257692337036133e+03 2.465380713723266991e-17
6.121462766170501709e+03 2.664999082430891331e-17
6.125667840003967285e+03 2.280595182323821033e-17
6.129872913837432861e+03 2.711293403465279099e-17
6.134077987670898438e+03 2.314582379332399834e-17
6.138283061504364014e+03 2.150246407036489826e-17
6.142488135337830499e+03 2.347493910672414678e-17
6.146693209171296076e+03 2.588561141822213660e-17
6.150898283004761652e+03 2.666601000405161525e-17
6.155103356838227228e+03 2.412697580509764659e-17
6.159308430671692804e+03 2.498998160998034589e-17
6.163513504505158380e+03 2.358377456864019884e-17
6.167718578338623956e+03 2.225137354463570824e-17
6.171923652172089533e+03 2.336758098938211442e-17
6.176128726005555109e+03 2.157797904284608926e-17
6.180333799839020685e+03 2.627415800427299497e-17
6.184538873672486261e+03 2.459378856634704733e-17
6.188743947505951837e+03 2.697063084515284343e-17
6.192949021339417413e+03 2.206568142328490416e-17
6.197154095172882990e+03 2.421278090439899725e-17
6.201359169006348566e+03 2.222326925614360657e-17
6.205564242839814142e+03 2.390225399372414045e-17
6.209769316673279718e+03 2.732228186716138655e-17
6.213974390506745294e+03 2.666012213245146279e-17
6.218179464340210870e+03 2.586900163152207181e-17
6.222384538173676447e+03 2.172530818174790902e-17
6.226589612007142023e+03 2.241683944564836569e-17
6.230794685840607599e+03 2.782659734302271647e-17
6.234999759674073175e+03 2.680754556994311360e-17
6.239204833507538751e+03 2.354472998936647083e-17
6.243409907341004327e+03 2.272076876375749954e-17
6.247614981174469904e+03 2.304398297066769468e-17
6.251820055007935480e+03 2.383826164717581312e-17
6.256025128841401056e+03 2.740330420816095561e-17
6.260230202674866632e+03 2.521682431244443799e-17
6.264435276508332208e+03 2.399182111045138229e-17
6.268640350341797784e+03 2.229484850327027027e-17
6.272845424175263361e+03 2.447646292262375099e-17
6.277050498008728937e+03 2.312247413899285147e-17
6.281255571842194513e+03 2.074418594847631268e-17
6.285460645675660089e+03 2.488907053833255183e-17
6.289665719509125665e+03 2.477599825731900316e-17
6.293870793342591242e+03 2.131635504998536745e-17
6.298075867176056818e+03 2.361960472405354579e-17
6.302280941009522394e+03 2.736386589091565236e-17
6.306486014842987970e+03 2.420377125316706967e-17
6.310691088676453546e+03 2.138134001326875841e-17
6.314896162509919122e+03 2.432136324904760809e-17
6.319101236343384699e+03 2.630313248676950243e-17
6.323306310176850275e+03 2.065777369860534809e-17
6.327511384010315851e+03 2.239648914821833610e-17
6.331716457843781427e+03 2.594246188736168109e-17
6.335921531677247003e+03 2.584802102246527681e-17
6.340126605510712579e+03 2.660853584073020578e-17
6.344331679344178156e+03 2.150787879465467038e-17
6.348536753177643732e+03 2.744042807405233550e-17
6.352741827011109308e+03 2.670917890585953265e-17
6.356946900844574884e+03 2.754801945632710781e-17
6.361151974678040460e+03 2.883532755641888266e-17
6.365357048511506036e+03 2.575571428354925935e-17
6.369562122344971613e+03 2.676628580098896858e-17
6.373767196178437189e+03 2.832008337030450214e-17
6.377972270011902765e+03 2.999328776976451546e-17
6.382177343845368341e+03 2.512765589677244671e-17
6.386382417678833917e+03 2.753439082855468412e-17
6.390587491512299493e+03 3.022384285881774555e-17
6.394792565345765979e+03 2.905978136127392161e-17
6.398997639179231555e+03 3.157776877672209103e-17
6.403202713012697131e+03 3.281669342842441419e-17
6.407407786846162708e+03 3.106171726232985876e-17
6.411612860679628284e+03 3.066223203985859915e-17
6.415817934513093860e+03 2.812918331981706420e-17
6.420023008346559436e+03 3.270638723937924284e-17
6.424228082180025012e+03 3.016165872908845914e-17
6.428433156013490589e+03 2.781127134063333397e-17
6.432638229846956165e+03 2.993868723189111521e-17
6.436843303680421741e+03 3.157291818961008008e-17
6.441048377513887317e+03 3.472068121878672223e-17
6.445253451347352893e+03 3.247195763633681437e-17
6.449458525180818469e+03 3.224751375764912606e-17
6.453663599014284046e+03 3.568548814165632265e-17
6.457868672847749622e+03 3.655230724916289141e-17
6.462073746681215198e+03 3.360314366761533078e-17
6.466278820514680774e+03 3.282316859825947929e-17
6.470483894348146350e+03 3.461390874531837742e-17
6.474688968181611926e+03 3.195914536122333976e-17
6.478894042015077503e+03 3.550607266679357095e-17
6.483099115848543079e+03 3.065805312340398126e-17
6.487304189682008655e+03 2.982446351546489273e-17
6.491509263515474231e+03 3.017489361888930758e-17
6.495714337348939807e+03 2.987007425444106667e-17
6.499919411182405383e+03 2.773224085054879260e-17
6.504124485015870960e+03 2.693281711063059432e-17
6.508329558849336536e+03 2.940271059090370561e-17
6.512534632682802112e+03 2.696256087109677609e-17
6.516739706516267688e+03 2.333992834150446671e-17
6.520944780349733264e+03 2.744422648742517900e-17
6.525149854183198840e+03 2.496433901099120203e-17
6.529354928016664417e+03 2.047227348315665632e-17
6.533560001850129993e+03 2.337414714908456036e-17
6.537765075683595569e+03 2.279013447556497133e-17
6.541970149517061145e+03 2.610835626793164100e-17
6.546175223350526721e+03 2.290999790940758036e-17
6.550380297183992298e+03 2.611493897124633800e-17
6.554585371017457874e+03 2.245922418023558282e-17
6.558790444850923450e+03 2.160166453250593265e-17
6.562995518684389026e+03 2.317374279335888813e-17
6.567200592517854602e+03 2.487162695357503358e-17
6.571405666351320178e+03 2.462182006294524433e-17
6.575610740184785755e+03 2.753945648262595886e-17
6.579815814018251331e+03 2.289247160658880681e-17
6.584020887851716907e+03 2.073697789661852560e-17
6.588225961685182483e+03 2.262158649958994131e-17
6.592431035518648059e+03 2.465533080392099259e-17
6.596636109352113635e+03 2.561845193270220994e-17
6.600841183185579212e+03 2.481205506022018964e-17
6.605046257019044788e+03 2.932860182546385476e-17
6.609251330852510364e+03 3.193511411006744920e-17
6.613456404685975940e+03 3.113928364273018127e-17
6.617661478519441516e+03 3.190747966016327765e-17
6.621866552352907092e+03 3.676789698657381212e-17
6.626071626186372669e+03 4.146115434607718054e-17
6.630276700019838245e+03 4.143776498707663113e-17
6.634481773853303821e+03 4.608748286785765839e-17
6.638686847686769397e+03 5.196328093978928538e-17
6.642891921520234973e+03 5.487832166670780852e-17
6.647096995353700549e+03 5.629558976719901465e-17
6.651302069187166126e+03 5.387434277875014692e-17
6.655507143020631702e+03 5.691787443330020716e-17
6.659712216854097278e+03 5.723608750622690669e-17
6.663917290687562854e+03 5.693225414106882899e-17
6.668122364521028430e+03 6.082303380983245336e-17
6.672327438354494006e+03 5.990193180180770471e-17
6.676532512187959583e+03 5.371129555384859453e-17
6.680737586021425159e+03 5.708395244796615384e-17
6.684942659854890735e+03 5.449377863482170680e-17
6.689147733688356311e+03 5.303526069154370628e-17
6.693352807521822797e+03 5.379511872840226814e-17
6.697557881355288373e+03 5.290416910806630246e-17
6.701762955188753949e+03 5.540685699090469108e-17
6.705968029022219525e+03 5.435175172364635195e-17
6.710173102855685102e+03 5.629673458516678804e-17
6.714378176689150678e+03 6.601989196114790587e-17
6.718583250522616254e+03 8.777421267570049979e-17
6.722788324356081830e+03 8.565430096695979961e-17
6.726993398189547406e+03 9.137959518079862833e-17
6.731198472023012982e+03 7.762109343475921859e-17
6.735403545856478559e+03 5.208606432119420660e-17
6.739608619689944135e+03 5.524499097991786441e-17
6.743813693523409711e+03 5.726722258448340265e-17
6.748018767356875287e+03 5.787962740534826180e-17
6.752223841190340863e+03 5.601492407663732215e-17
6.756428915023806439e+03 5.341812620114755046e-17
6.760633988857272016e+03 5.102226373133671004e-17
6.764839062690737592e+03 5.168261194050514267e-17
6.769044136524203168e+03 4.757530947459963778e-17
6.773249210357668744e+03 4.823678926684604295e-17
6.777454284191134320e+03 4.642904228639305457e-17
6.781659358024599896e+03 4.439428716735346349e-17
6.785864431858065473e+03 4.388797984057710589e-17
6.790069505691531049e+03 4.142591645198242156e-17
6.794274579524996625e+03 4.525681486184210715e-17
6.798479653358462201e+03 4.178404926127093021e-17
6.802684727191927777e+03 3.603973651078828228e-17
6.806889801025393353e+03 3.819922054003351930e-17
6.811094874858858930e+03 3.798312456808771614e-17
6.815299948692324506e+03 3.580140261525460352e-17
6.819505022525790082e+03 3.869755384570486571e-17
6.823710096359255658e+03 3.656843396238522524e-17
6.827915170192721234e+03 3.643627697027885311e-17
6.832120244026186811e+03 3.156184720429167036e-17
6.836325317859652387e+03 3.105218152422834746e-17
6.840530391693117963e+03 3.040723210934320199e-17
6.844735465526583539e+03 2.949557319519135871e-17
6.848940539360049115e+03 3.383024775915298963e-17
6.853145613193514691e+03 2.902102298649213694e-17
6.857350687026980268e+03 2.645314996266211953e-17
6.861555760860445844e+03 2.754063273345700927e-17
6.865760834693911420e+03 2.476500006389449810e-17
6.869965908527376996e+03 1.960827506153889338e-17
6.874170982360842572e+03 2.569798038551550823e-17
6.878376056194308148e+03 2.774930393222453645e-17
6.882581130027773725e+03 2.729301621708926043e-17
6.886786203861239301e+03 2.752160427064583942e-17
6.890991277694704877e+03 2.707530889731020397e-17
6.895196351528170453e+03 2.479655865862462122e-17
6.899401425361636029e+03 2.460777288178286881e-17
6.903606499195101605e+03 2.467913209886659341e-17
6.907811573028567182e+03 2.165516161144218717e-17
6.912016646862032758e+03 2.319734721931870133e-17
6.916221720695498334e+03 2.212262619101427970e-17
6.920426794528963910e+03 2.093412646945318911e-17
6.924631868362430396e+03 2.048160904354992979e-17
6.928836942195895972e+03 2.077426554427119098e-17
6.933042016029361548e+03 2.265194071934818721e-17
6.937247089862827124e+03 2.266960102542619435e-17
6.941452163696292700e+03 1.826839797915814852e-17
6.945657237529758277e+03 1.967271077689554913e-17
6.949862311363223853e+03 2.240278399267986464e-17
6.954067385196689429e+03 2.129797509677443918e-17
6.958272459030155005e+03 1.972196276492818151e-17
6.962477532863620581e+03 2.115845288849389490e-17
6.966682606697086158e+03 2.298301975952253654e-17
6.970887680530551734e+03 2.143210739618358794e-17
6.975092754364017310e+03 2.467450319615874666e-17
6.979297828197482886e+03 2.238839766746634238e-17
6.983502902030948462e+03 1.923122959472497231e-17
6.987707975864414038e+03 1.968495966740623437e-17
6.991913049697879615e+03 2.059681214182141506e-17
6.996118123531345191e+03 1.937073195067081532e-17
7.000323197364810767e+03 1.998389116025432282e-17
7.004528271198276343e+03 1.953531111406681592e-17
7.008733345031741919e+03 1.809489519131392586e-17
7.012938418865207495e+03 2.010127801534294809e-17
7.017143492698673072e+03 2.334736800393376864e-17
7.021348566532138648e+03 1.866152714580255066e-17
7.025553640365604224e+03 2.017901479494945652e-17
7.029758714199069800e+03 2.057051441578712920e-17
7.033963788032535376e+03 2.074275327165537084e-17
7.038168861866000952e+03 1.913913461404576842e-17
7.042373935699466529e+03 1.943837216372050150e-17
7.046579009532932105e+03 2.123864143143601050e-17
7.050784083366397681e+03 2.132362596756970857e-17
7.054989157199863257e+03 2.234724543199182925e-17
7.059194231033328833e+03 1.947522140564851377e-17
7.063399304866794409e+03 2.367796066190793678e-17
7.067604378700259986e+03 2.324309196155410886e-17
7.071809452533725562e+03 2.100269643351138489e-17
7.076014526367191138e+03 1.966458620891905329e-17
7.080219600200656714e+03 2.046591577296857375e-17
7.084424674034122290e+03 2.115114888368505166e-17
7.088629747867587866e+03 2.062427784688062579e-17
7.092834821701053443e+03 2.154927422122927409e-17
7.097039895534519019e+03 2.106373905399534812e-17
7.101244969367984595e+03 2.154243343756346055e-17
7.105450043201450171e+03 1.908726211783256805e-17
7.109655117034915747e+03 1.993310723372724224e-17
7.113860190868381324e+03 2.313007427446098869e-17
7.118065264701846900e+03 2.054884393809946498e-17
7.122270338535312476e+03 1.908059173337294044e-17
7.126475412368778052e+03 2.190524478039656913e-17
7.130680486202243628e+03 2.187009125872429056e-17
7.134885560035709204e+03 2.189519453595404984e-17
7.139090633869174781e+03 2.091279348145544652e-17
7.143295707702640357e+03 2.150692753695023439e-17
7.147500781536105933e+03 2.237611403536992992e-17
7.151705855369571509e+03 2.019187249039098078e-17
7.155910929203037085e+03 1.834685606025880319e-17
7.160116003036502661e+03 1.762031354975142708e-17
7.164321076869968238e+03 1.896999106802970021e-17
7.168526150703433814e+03 1.778881189488970392e-17
7.172731224536899390e+03 1.626820908355592336e-17
7.176936298370364966e+03 1.591278942667658864e-17
7.181141372203830542e+03 1.767963894328373022e-17
7.185346446037296118e+03 1.763076911269409735e-17
7.189551519870761695e+03 1.350946744210174502e-17
7.193756593704227271e+03 1.699776749457666781e-17
7.197961667537692847e+03 1.515282220197716978e-17
7.202166741371158423e+03 1.711897261537283785e-17
7.206371815204623999e+03 1.860627148088400841e-17
7.210576889038089575e+03 1.964572318223039405e-17
7.214781962871555152e+03 2.208471319481852423e-17
7.218987036705020728e+03 2.015192628424956997e-17
7.223192110538486304e+03 1.946433074570364061e-17
7.227397184371951880e+03 1.772051655479487574e-17
7.231602258205417456e+03 1.599231291640621161e-17
7.235807332038883033e+03 1.768580640193092560e-17
7.240012405872348609e+03 1.726263072671614727e-17
7.244217479705814185e+03 2.257598734114234310e-17
7.248422553539280671e+03 2.182972649919292791e-17
7.252627627372746247e+03 1.673069072711799645e-17
7.256832701206211823e+03 1.792778650960473810e-17
7.261037775039677399e+03 1.905790713225428621e-17
7.265242848873142975e+03 2.367400839294115842e-17
7.269447922706608551e+03 2.286002296551957664e-17
7.273652996540074128e+03 2.216031915716709606e-17
7.277858070373539704e+03 1.976592906884660003e-17
7.282063144207005280e+03 2.196357755719380864e-17
7.286268218040470856e+03 1.905166522735196106e-17
7.290473291873936432e+03 1.783108578727483895e-17
7.294678365707402008e+03 2.331385726295802038e-17
7.298883439540867585e+03 1.874776568774487912e-17
7.303088513374333161e+03 2.142406885499079761e-17
7.307293587207798737e+03 2.239330284849878184e-17
7.311498661041264313e+03 2.294645010464156718e-17
7.315703734874729889e+03 2.114546284415436215e-17
7.319908808708195465e+03 1.818294856752019565e-17
7.324113882541661042e+03 2.423406095283753644e-17
7.328318956375126618e+03 2.235735192471600215e-17
7.332524030208592194e+03 2.789688784275502255e-17
7.336729104042057770e+03 2.718640917974342623e-17
7.340934177875523346e+03 2.798480059825715833e-17
7.345139251708988922e+03 2.553065332812460647e-17
7.349344325542454499e+03 2.501558284993886210e-17
7.353549399375920075e+03 2.201692243489735340e-17
7.357754473209385651e+03 2.931055274449794769e-17
7.361959547042851227e+03 2.655011372842681054e-17
7.366164620876316803e+03 2.851750160401885794e-17
7.370369694709782380e+03 3.334304830452660697e-17
7.374574768543247956e+03 3.108787602202123571e-17
7.378779842376713532e+03 3.196350625741271932e-17
7.382984916210179108e+03 3.032368355875289599e-17
7.387189990043644684e+03 3.088087241936861543e-17
7.391395063877110260e+03 3.337046107002661431e-17
7.395600137710575837e+03 3.473586825483319582e-17
7.399805211544041413e+03 3.580135298441785034e-17
7.404010285377506989e+03 3.599147548512948843e-17
7.408215359210972565e+03 3.261300516566690644e-17
7.412420433044438141e+03 3.626444508727198757e-17
7.416625506877903717e+03 3.434687499125155881e-17
7.420830580711369294e+03 3.083186031371362343e-17
7.425035654544834870e+03 3.364401962476525120e-17
7.429240728378300446e+03 3.447346009475177374e-17
7.433445802211766022e+03 3.235656263216321680e-17
7.437650876045231598e+03 2.941940640438747592e-17
7.441855949878697174e+03 3.053774135766936849e-17
7.446061023712163660e+03 3.401883170392527910e-17
7.450266097545629236e+03 3.033821877647667779e-17
7.454471171379094812e+03 3.201667080974272752e-17
7.458676245212560389e+03 3.027522731846953963e-17
7.462881319046025965e+03 2.739039026443777775e-17
7.467086392879491541e+03 2.806167545566538651e-17
7.471291466712957117e+03 3.336148781474163906e-17
7.475496540546422693e+03 3.440934367111156346e-17
7.479701614379888269e+03 3.942358350423245895e-17
7.483906688213353846e+03 3.781090556455417577e-17
7.488111762046819422e+03 3.663483009579363166e-17
7.492316835880284998e+03 3.601340238880704409e-17
7.496521909713750574e+03 3.982946448719997857e-17
7.500726983547216150e+03 3.875410983854634132e-17
7.504932057380681726e+03 3.889903188186563177e-17
7.509137131214147303e+03 3.755487662135676265e-17
7.513342205047612879e+03 3.714933974552406509e-17
7.517547278881078455e+03 3.656191908788075759e-17
7.521752352714544031e+03 2.817927737771327556e-17
7.525957426548009607e+03 2.726740339660216849e-17
7.530162500381475184e+03 3.329106496611132450e-17
7.534367574214940760e+03 3.574809909658168642e-17
7.538572648048406336e+03 3.348258705641940231e-17
7.542777721881871912e+03 3.447637177050796040e-17
7.546982795715337488e+03 3.541411996117972618e-17
7.551187869548803064e+03 2.896920177547691487e-17
7.555392943382268641e+03 2.950865588375949740e-17
7.559598017215734217e+03 2.893520796102343564e-17
7.563803091049199793e+03 2.777910394097237183e-17
7.568008164882665369e+03 2.964593808694124808e-17
7.572213238716130945e+03 3.143853773601716541e-17
7.576418312549596521e+03 2.748340506995814060e-17
7.580623386383062098e+03 3.105287635594289200e-17
7.584828460216527674e+03 3.006732043458801144e-17
7.589033534049993250e+03 2.331762258910636176e-17
7.593238607883458826e+03 1.514699057865867093e-17
7.597443681716924402e+03 8.423176868905030601e-18
7.601648755550389978e+03 7.726621309963926845e-18
7.605853829383855555e+03 7.971313742866300726e-18
7.610058903217321131e+03 1.265344717749205603e-17
7.614263977050786707e+03 1.503426736786361964e-17
7.618469050884252283e+03 1.560139563071977626e-17
7.622674124717717859e+03 1.382996766942215367e-17
7.626879198551183435e+03 1.269188212465433246e-17
7.631084272384649012e+03 1.306325892273042764e-17
7.635289346218114588e+03 1.105683970275445307e-17
7.639494420051580164e+03 1.158068077697509721e-17
7.643699493885045740e+03 1.504406118631624749e-17
7.647904567718511316e+03 1.997833746962164180e-17
7.652109641551976893e+03 2.324265521019068086e-17
7.656314715385442469e+03 2.253031208207839002e-17
7.660519789218908045e+03 2.088101485668238431e-17
7.664724863052373621e+03 1.931636964081383034e-17
7.668929936885839197e+03 1.732907649096130688e-17
7.673135010719304773e+03 1.925597552993010868e-17
7.677340084552770350e+03 2.133211449501572774e-17
7.681545158386235926e+03 2.249836305809914188e-17
7.685750232219701502e+03 2.505015072773745312e-17
7.689955306053167078e+03 2.674077224217538299e-17
7.694160379886632654e+03 2.317094692288845890e-17
7.698365453720098230e+03 1.957784143244184239e-17
7.702570527553563807e+03 1.851593343182586716e-17
7.706775601387029383e+03 1.442311655280739089e-17
7.710980675220494959e+03 1.364805659065132949e-17
7.715185749053960535e+03 1.531864048193077481e-17
7.719390822887426111e+03 2.280919767996186841e-17
7.723595896720891687e+03 2.487935282049627886e-17
7.727800970554357264e+03 2.583754891591035548e-17
7.732006044387822840e+03 1.904502462139438535e-17
7.736211118221288416e+03 2.010610213267535735e-17
7.740416192054753992e+03 1.785060063228618998e-17
7.744621265888219568e+03 1.231927200028492072e-17
7.748826339721685144e+03 2.199563246029146357e-17
7.753031413555150721e+03 2.291946250997641210e-17
7.757236487388616297e+03 2.705301307107944967e-17
7.761441561222081873e+03 2.136191946684723843e-17
7.765646635055547449e+03 2.049112989240041514e-17
7.769851708889013025e+03 1.652311967856516479e-17
7.774056782722478601e+03 1.481753612120737575e-17
7.778261856555944178e+03 1.785794930484811108e-17
7.782466930389409754e+03 2.160834318877168580e-17
7.786672004222876240e+03 2.708354596185000702e-17
7.790877078056341816e+03 2.764432313196298150e-17
7.795082151889807392e+03 2.861083404689444116e-17
7.799287225723272968e+03 1.916957320622649473e-17
7.803492299556738544e+03 1.766592759745005123e-17
7.807697373390204120e+03 1.590199141096032141e-17
7.811902447223669697e+03 1.661503102514838191e-17
7.816107521057135273e+03 2.186594873821662500e-17
7.820312594890600849e+03 2.068676803343655682e-17
7.824517668724066425e+03 2.236561215031295668e-17
7.828722742557532001e+03 2.043130653613935507e-17
7.832927816390997577e+03 1.954350185649231600e-17
7.837132890224463154e+03 1.426313982233963533e-17
7.841337964057928730e+03 1.713413814472338506e-17
7.845543037891394306e+03 1.763085017639412754e-17
7.849748111724859882e+03 2.231699047390708971e-17
7.853953185558325458e+03 2.418757836549573160e-17
7.858158259391791034e+03 1.984074093780712096e-17
7.862363333225256611e+03 2.196829083232413579e-17
7.866568407058722187e+03 1.969230833996815546e-17
7.870773480892187763e+03 1.486078277799287315e-17
7.874978554725653339e+03 1.559573771532991355e-17
7.879183628559118915e+03 1.930395862290308471e-17
7.883388702392584491e+03 2.522245079497102368e-17
7.887593776226050068e+03 2.408347437668348286e-17
7.891798850059515644e+03 2.484015934871229130e-17
7.896003923892981220e+03 2.103646856356069990e-17
7.900208997726446796e+03 2.142020426716894987e-17
7.904414071559912372e+03 1.670302815307299810e-17
7.908619145393377948e+03 1.688819749627666866e-17
7.912824219226843525e+03 2.474221289237988730e-17
7.917029293060309101e+03 2.747108338755355070e-17
7.921234366893774677e+03 2.449473865107749758e-17
7.925439440727240253e+03 1.879833289295147080e-17
7.929644514560705829e+03 1.587054862151595573e-17
7.933849588394171406e+03 1.610488888905222847e-17
7.938054662227636982e+03 2.034923863884551898e-17
7.942259736061102558e+03 2.337562283929735496e-17
7.946464809894568134e+03 2.298645255906463160e-17
7.950669883728033710e+03 2.106306407461550485e-17
7.954874957561499286e+03 1.461410428443975945e-17
7.959080031394964863e+03 1.141123200131299693e-17
7.963285105228430439e+03 1.231609893545516731e-17
7.967490179061896015e+03 1.466782966522507859e-17
7.971695252895361591e+03 2.266204886643358521e-17
7.975900326728827167e+03 2.084264856551094978e-17
7.980105400562292743e+03 1.920015076475012995e-17
7.984310474395759229e+03 2.199305165678029812e-17
7.988515548229224805e+03 2.008577665066370435e-17
7.992720622062690381e+03 1.929350802304408976e-17
7.996925695896155958e+03 1.881735970140141555e-17
8.001130769729621534e+03 1.670705155957245602e-17
8.005335843563087110e+03 1.775961738235025736e-17
8.009540917396552686e+03 1.765387888464760383e-17
8.013745991230018262e+03 1.795354325951841428e-17
8.017951065063483838e+03 1.851582258962378505e-17
8.022156138896949415e+03 1.809845041358667877e-17
8.026361212730414991e+03 1.864676528059092933e-17
8.030566286563880567e+03 1.951421304536303839e-17
8.034771360397346143e+03 1.721202381684015304e-17
8.038976434230811719e+03 1.887520444163724877e-17
8.043181508064277295e+03 2.112381883624629963e-17
8.047386581897742872e+03 1.966715708626286810e-17
8.051591655731208448e+03 1.911162424123347982e-17
8.055796729564674024e+03 2.096502331969326980e-17
8.060001803398139600e+03 2.269350654512897685e-17
8.064206877231605176e+03 2.196102156910101978e-17
8.068411951065070753e+03 1.848279326776454265e-17
8.072617024898536329e+03 1.815276640132936078e-17
8.076822098732001905e+03 1.793511698419318303e-17
8.081027172565467481e+03 1.655486190739127467e-17
8.085232246398933057e+03 1.700504172088345914e-17
8.089437320232398633e+03 1.799990673285201148e-17
8.093642394065864210e+03 1.580203490573941355e-17
8.097847467899329786e+03 2.029601287515018186e-17
8.102052541732795362e+03 2.270589605634379610e-17
8.106257615566260938e+03 2.069543523189488744e-17
8.110462689399726514e+03 1.905508479200425528e-17
8.114667763233192090e+03 1.924562253738339499e-17
8.118872837066657667e+03 1.613744340923986542e-17
8.123077910900123243e+03 1.419987539473035467e-17
8.127282984733588819e+03 1.825127864920075106e-17
8.131488058567054395e+03 1.258914215667218366e-17
8.135693132400519971e+03 1.446139847155634501e-17
8.139898206233985547e+03 1.434592736676639256e-17
8.144103280067451124e+03 2.001382682662261690e-17
8.148308353900916700e+03 1.746738936118629864e-17
8.152513427734382276e+03 1.778632704432959462e-17
8.156718501567847852e+03 1.506843985332941032e-17
8.160923575401313428e+03 1.464150877813364125e-17
8.165128649234779004e+03 1.044279458273490128e-17
8.169333723068244581e+03 1.396050586906975952e-17
8.173538796901710157e+03 1.471739929061293133e-17
8.177743870735175733e+03 1.302164594765472248e-17
8.181948944568641309e+03 1.468538243782345384e-17
8.186154018402106885e+03 1.372594805303238534e-17
8.190359092235572462e+03 1.468252535598769568e-17
8.194564166069038038e+03 1.751690770137617309e-17
8.198769239902503614e+03 1.566350531419393290e-17
8.202974313735969190e+03 1.856397773616417211e-17
8.207179387569434766e+03 1.602319322303404124e-17
8.211384461402900342e+03 1.561979047318173049e-17
8.215589535236365919e+03 1.537464060940061479e-17
8.219794609069831495e+03 1.472209602213100742e-17
8.223999682903297071e+03 1.299951224882402856e-17
8.228204756736762647e+03 1.353399665598639250e-17
8.232409830570228223e+03 1.478371601468253266e-17
8.236614904403693799e+03 1.652427276833906371e-17
8.240819978237159376e+03 1.604138292470408232e-17
8.245025052070624952e+03 1.342532332147040083e-17
8.249230125904090528e+03 1.341736418961641560e-17
8.253435199737556104e+03 1.758144102404511009e-17
8.257640273571021680e+03 1.877306252523797581e-17
8.261845347404487256e+03 1.483910237413785829e-17
8.266050421237952833e+03 1.503885987462451405e-17
8.270255495071418409e+03 1.835594181210708565e-17
8.274460568904883985e+03 1.782044328151373170e-17
8.278665642738349561e+03 1.293152710145890777e-17
8.282870716571815137e+03 1.205804091821516161e-17
8.287075790405280713e+03 1.839488878406853240e-17
8.291280864238746290e+03 1.638922395281120620e-17
8.295485938072211866e+03 1.380028346596007572e-17
8.299691011905677442e+03 1.480428799651672646e-17
8.303896085739143018e+03 1.325314236824503791e-17
8.308101159572608594e+03 1.313410032475069403e-17
8.312306233406074170e+03 1.694386344277903721e-17
8.316511307239539747e+03 1.911375009540774110e-17
8.320716381073005323e+03 1.771773722793669757e-17
8.324921454906470899e+03 1.684602782864871531e-17
8.329126528739936475e+03 1.782703591099577933e-17
8.333331602573402051e+03 1.912691715639836020e-17
8.337536676406867628e+03 1.816758947790631103e-17
8.341741750240333204e+03 1.904833996128949789e-17
8.345946824073798780e+03 1.785356855632403024e-17
8.350151897907264356e+03 2.428781776648613260e-17
8.354356971740729932e+03 1.581835352486385968e-17
8.358562045574195508e+03 1.564317652345982969e-17
8.362767119407661085e+03 1.857379140695150123e-17
8.366972193241126661e+03 1.725923266875977944e-17
8.371177267074592237e+03 1.855996756455451503e-17
8.375382340908057813e+03 1.653138817596824485e-17
8.379587414741523389e+03 1.719526844635227891e-17
8.383792488574988965e+03 1.518542304427910971e-17
8.387997562408454542e+03 1.434431436457191415e-17
8.392202636241920118e+03 1.447252901387885855e-17
8.396407710075385694e+03 1.714872961072882047e-17
8.400612783908851270e+03 1.558850153933129967e-17
8.404817857742316846e+03 1.981601981802036118e-17
8.409022931575782422e+03 1.730894456921299129e-17
8.413228005409247999e+03 1.689389015325225860e-17
8.417433079242713575e+03 1.927851951034462890e-17
8.421638153076179151e+03 1.810425060404190060e-17
8.425843226909644727e+03 1.510602528600259479e-17
8.430048300743110303e+03 1.471982127544648660e-17
8.434253374576575879e+03 1.570726316859798806e-17
8.438458448410041456e+03 1.738458196442484014e-17
8.442663522243507032e+03 1.403366172244394929e-17
8.446868596076972608e+03 1.872938408017272573e-17
8.451073669910438184e+03 1.930626811117333277e-17
8.455278743743903760e+03 1.874525271304394302e-17
8.459483817577369337e+03 1.835656385192772553e-17
8.463688891410834913e+03 1.791633832992700420e-17
8.467893965244300489e+03 1.364912944390581076e-17
8.472099039077766065e+03 1.489311065069267057e-17
8.476304112911231641e+03 1.962986943861020272e-17
8.480509186744697217e+03 1.788731587095496867e-17
8.484714260578162794e+03 1.949448478775364868e-17
8.488919334411628370e+03 1.869236940212220285e-17
8.493124408245095765e+03 1.840099503135039885e-17
8.497329482078561341e+03 2.116977368235729563e-17
8.501534555912026917e+03 1.831822899361956801e-17
8.505739629745492493e+03 1.986735133811295186e-17
8.509944703578958070e+03 1.657062466114408517e-17
8.514149777412423646e+03 1.468377108999020054e-17
8.518354851245889222e+03 1.694440772762209710e-17
8.522559925079354798e+03 1.762715929650091593e-17
8.526764998912820374e+03 1.970339752326004135e-17
8.530970072746285950e+03 1.871114309330470637e-17
8.535175146579751527e+03 2.054136126227831030e-17
8.539380220413217103e+03 2.272540593827147181e-17
8.543585294246682679e+03 1.875737752646274530e-17
8.547790368080148255e+03 2.075165869813011673e-17
8.551995441913613831e+03 1.986396320632393466e-17
8.556200515747079407e+03 1.794965385627818994e-17
8.560405589580544984e+03 1.911769243820716883e-17
8.564610663414010560e+03 1.567091354375995782e-17
8.568815737247476136e+03 1.953280971989445556e-17
8.573020811080941712e+03 1.872655346811656927e-17
8.577225884914407288e+03 1.775095349261437695e-17
8.581430958747872864e+03 2.132544907363977544e-17
8.585636032581338441e+03 2.178890844468588621e-17
8.589841106414804017e+03 1.963371582845857430e-17
8.594046180248269593e+03 1.877377555492599652e-17
8.598251254081735169e+03 1.627202900362469324e-17
8.602456327915200745e+03 1.629461268870861600e-17
8.606661401748666322e+03 1.842088376199862385e-17
8.610866475582131898e+03 1.742156355525086090e-17
8.615071549415597474e+03 2.028054128897299003e-17
8.619276623249063050e+03 2.213448630663706501e-17
8.623481697082528626e+03 2.499670162527672669e-17
8.627686770915994202e+03 2.622074695212044598e-17
8.631891844749459779e+03 2.733101854879117163e-17
8.636096918582925355e+03 2.452756283214482683e-17
8.640301992416390931e+03 1.986841509238069505e-17
8.644507066249856507e+03 1.921060136460912490e-17
8.648712140083322083e+03 1.834670220466486833e-17
8.652917213916787659e+03 1.572984189059823551e-17
8.657122287750253236e+03 2.180172808981923303e-17
8.661327361583718812e+03 2.619447404150453671e-17
8.665532435417184388e+03 2.845591304433060971e-17
8.669737509250649964e+03 2.647743598544667642e-17
8.673942583084115540e+03 2.174939898990790340e-17
8.678147656917581116e+03 2.343056748430557727e-17
8.682352730751046693e+03 2.214013760458202729e-17
8.686557804584512269e+03 1.877804380688677014e-17
8.690762878417977845e+03 1.767188495222165814e-17
8.694967952251443421e+03 1.828905764213727294e-17
8.699173026084908997e+03 1.909747118095269752e-17
8.703378099918374573e+03 2.314886781797819348e-17
8.707583173751840150e+03 2.553971261019328723e-17
8.711788247585305726e+03 2.537657604978557911e-17
8.715993321418771302e+03 2.708290737841711609e-17
8.720198395252236878e+03 2.110808586099554104e-17
8.724403469085702454e+03 1.489910605577245492e-17
8.728608542919168030e+03 1.806664531903401486e-17
8.732813616752633607e+03 1.655052086353659638e-17
8.737018690586099183e+03 1.263475372282897016e-17
8.741223764419564759e+03 1.912532566089980817e-17
8.745428838253030335e+03 2.366150142207935664e-17
8.749633912086495911e+03 3.039725631115581248e-17
8.753838985919961488e+03 3.019103687572389247e-17
8.758044059753427064e+03 2.592786876699502058e-17
8.762249133586892640e+03 2.293858692573863810e-17
8.766454207420358216e+03 8.870692333644181763e-18
8.770659281253823792e+03 4.171125654018565122e-18
8.774864355087289368e+03 1.733635733471299863e-17
8.779069428920754945e+03 1.981838555457226284e-17
8.783274502754220521e+03 1.602540841271445825e-17
8.787479576587686097e+03 2.546797289002778825e-17
8.791684650421151673e+03 2.716698367023823093e-17
8.795889724254617249e+03 2.437496951582471960e-17
8.800094798088082825e+03 2.616465583478322517e-17
8.804299871921548402e+03 2.351781022351154510e-17
8.808504945755013978e+03 2.058327284955514710e-17
8.812710019588479554e+03 1.934131409936597944e-17
8.816915093421945130e+03 1.591019538827562234e-17
8.821120167255410706e+03 7.176635538122319168e-18
8.825325241088876282e+03 8.922494519505315121e-18
8.829530314922341859e+03 2.141402026490950343e-17
8.833735388755807435e+03 2.758079896964135919e-17
8.837940462589273011e+03 2.515114948053017780e-17
8.842145536422738587e+03 2.589314207051881937e-17
8.846350610256204163e+03 2.727828413037969101e-17
8.850555684089669739e+03 2.472301899344620684e-17
8.854760757923135316e+03 2.248588752010061712e-17
8.858965831756600892e+03 1.467865249635972241e-17
8.863170905590066468e+03 1.566665852668898504e-17
8.867375979423532044e+03 1.391316466825212464e-17
8.871581053256997620e+03 1.821412335044609416e-17
8.875786127090463197e+03 2.808702688707891170e-17
8.879991200923928773e+03 4.030130816093492683e-17
8.884196274757394349e+03 3.820032234460943993e-17
8.888401348590859925e+03 3.631889342391267806e-17
8.892606422424327320e+03 3.141928758880183135e-17
8.896811496257792896e+03 2.596091463246651403e-17
8.901016570091258473e+03 1.447682704434168408e-17
8.905221643924724049e+03 1.530698219837745244e-17
8.909426717758189625e+03 1.283079635518465027e-17
8.913631791591655201e+03 1.208957552470752068e-17
8.917836865425120777e+03 1.142034608409725933e-18
8.922041939258586353e+03 1.012342676567307771e-17
8.926247013092051930e+03 1.760044632579912846e-17
8.930452086925517506e+03 2.032368041227885553e-17
8.934657160758983082e+03 2.513856806341324625e-17
8.938862234592448658e+03 2.590445955565976989e-17
8.943067308425914234e+03 2.204129283010439070e-17
8.947272382259379810e+03 2.332730556535690750e-17
8.951477456092845387e+03 2.202539938181479682e-17
8.955682529926310963e+03 1.703326181466131823e-17
8.959887603759776539e+03 1.290487203339999901e-17
8.964092677593242115e+03 1.493545898933293538e-17
8.968297751426707691e+03 1.176405348388830259e-17
8.972502825260173267e+03 1.082961070694429871e-17
8.976707899093638844e+03 1.326793401195871115e-17
8.980912972927104420e+03 1.500731616914541689e-17
8.985118046760569996e+03 9.821831751252568506e-18
8.989323120594035572e+03 1.535185012916355377e-17
8.993528194427501148e+03 1.885901486268836091e-17
8.997733268260966724e+03 2.228214135470023066e-17
9.001938342094432301e+03 2.037614516981064387e-17
9.006143415927897877e+03 1.854685840620677465e-17
9.010348489761363453e+03 1.463242798936903412e-17
9.014553563594829029e+03 1.206081362762843935e-17
9.018758637428294605e+03 1.178890364385062065e-17
9.022963711261760182e+03 1.329157152514302647e-17
9.027168785095225758e+03 1.170292318225940874e-17
9.031373858928691334e+03 9.149356247123495938e-18
9.035578932762156910e+03 1.227477464641324315e-17
9.039784006595622486e+03 1.931206168418365417e-17
9.043989080429088062e+03 2.048673590898653345e-17
9.048194154262553639e+03 2.161616666300521234e-17
9.052399228096019215e+03 1.979436753830617312e-17
9.056604301929484791e+03 1.909015228689282833e-17
9.060809375762950367e+03 1.528011702644295521e-17
9.065014449596415943e+03 1.405322288956960329e-17
9.069219523429881519e+03 1.041890064356069452e-17
9.073424597263347096e+03 9.691997482306245282e-18
9.077629671096812672e+03 8.722251463999090734e-18
9.081834744930278248e+03 8.260022937704458869e-18
9.086039818763743824e+03 1.181494825261746528e-17
9.090244892597209400e+03 1.107801387207458548e-17
9.094449966430674976e+03 9.769374438346293150e-18
9.098655040264140553e+03 1.381338766122414079e-17
9.102860114097606129e+03 1.616029675520348047e-17
9.107065187931071705e+03 1.829965051706162701e-17
9.111270261764537281e+03 1.524920528695184856e-17
9.115475335598002857e+03 1.690129672845705841e-17
9.119680409431468433e+03 1.423135127139922248e-17
9.123885483264934010e+03 1.021678236960581242e-17
9.128090557098399586e+03 8.529084938633257499e-18
9.132295630931865162e+03 5.334995659250583034e-18
9.136500704765330738e+03 1.392373272775810212e-17
9.140705778598796314e+03 1.090946920482200566e-17
9.144910852432261890e+03 1.338890504064152868e-17
9.149115926265727467e+03 1.317292404680087039e-17
9.153321000099193043e+03 7.239550068332489900e-18
9.157526073932658619e+03 1.042969700491573663e-17
9.161731147766124195e+03 1.326871238891512355e-17
9.165936221599589771e+03 1.342113696039026996e-17
9.170141295433055348e+03 9.219025534215774694e-18
9.174346369266520924e+03 7.664737446796997185e-18
9.178551443099986500e+03 9.724223611790698687e-18
9.182756516933452076e+03 1.121381376759864114e-17
9.186961590766917652e+03 1.136043980297979082e-17
9.191166664600383228e+03 9.801785029107345880e-18
9.195371738433848805e+03 1.140545745345676425e-17
9.199576812267314381e+03 1.333069551375555957e-17
9.203781886100779957e+03 1.504557658119844464e-17
9.207986959934245533e+03 2.008904566844451391e-17
9.212192033767711109e+03 2.454159677841740149e-17
9.216397107601176685e+03 1.763628971610227625e-17
9.220602181434642262e+03 1.625361430882803774e-17
9.224807255268107838e+03 1.610207647496954817e-17
9.229012329101573414e+03 1.087878576717996366e-17
9.233217402935038990e+03 6.483134343593067466e-18
9.237422476768504566e+03 1.351022596672345614e-17
9.241627550601970142e+03 1.303152744725228094e-17
9.245832624435435719e+03 1.419309416806864495e-17
9.250037698268901295e+03 1.453431444255289440e-17
9.254242772102366871e+03 8.497813375575690288e-18
9.258447845935832447e+03 1.059805555653049202e-17
9.262652919769298023e+03 1.499641558303319310e-17
9.266857993602763599e+03 1.540009626557132166e-17
9.271063067436229176e+03 1.503900876713477360e-17
9.275268141269694752e+03 7.705895472535798183e-18
9.279473215103160328e+03 1.291431843599535458e-17
9.283678288936625904e+03 1.075436291380096234e-17
9.287883362770091480e+03 7.469325126068082480e-18
9.292088436603557057e+03 1.171164001155449255e-17
9.296293510437022633e+03 1.171355824339500302e-17
9.300498584270488209e+03 1.564227324223092179e-17
9.304703658103953785e+03 5.826302065618291481e-18
9.308908731937419361e+03 2.911132091729056938e-18
9.313113805770884937e+03 1.943556802144394673e-18
9.317318879604350514e+03 2.679593433228713018e-19
9.321523953437816090e+03 3.792551143842339776e-18
9.325729027271281666e+03 7.339770444168802180e-18
9.329934101104747242e+03 4.832822581175765463e-18
9.334139174938212818e+03 -1.816032021468319503e-18
9.338344248771678394e+03 3.812024629823063153e-18
9.342549322605143971e+03 6.235270086631859000e-18
9.346754396438609547e+03 -2.746640557779198676e-19
9.350959470272075123e+03 7.250392751801834986e-18
9.355164544105540699e+03 6.025343227694476318e-18
9.359369617939006275e+03 7.061299263772212860e-18
9.363574691772471851e+03 6.112943308925067055e-18
9.367779765605937428e+03 7.503372707261377652e-18
9.371984839439403004e+03 8.654608769407566896e-18
9.376189913272868580e+03 1.026262720069533887e-17
9.380394987106334156e+03 1.299879342887171998e-17
9.384600060939799732e+03 3.959358318218251954e-18
9.388805134773265308e+03 5.440888012547171425e-18
9.393010208606730885e+03 8.117633721420805792e-18
9.397215282440196461e+03 7.803462252967040350e-18
9.401420356273662037e+03 5.362415455785797072e-18
9.405625430107127613e+03 1.286570999447928846e-17
9.409830503940593189e+03 8.389383232159789208e-18
9.414035577774058765e+03 1.413655968192309572e-17
9.418240651607524342e+03 1.152456649858072491e-17
9.422445725440989918e+03 4.135603209793087902e-18
9.426650799274455494e+03 5.887893520438683645e-18
9.430855873107921070e+03 1.023930815204685647e-17
9.435060946941386646e+03 2.343437416948454630e-18
9.439266020774852223e+03 4.391768224201266001e-18
9.443471094608317799e+03 2.678245594119346144e-18
9.447676168441783375e+03 1.706599438547580723e-18
9.451881242275248951e+03 6.327568140151444657e-18
9.456086316108714527e+03 7.075777406033728503e-18
9.460291389942180103e+03 7.315787996669052248e-18
9.464496463775645680e+03 9.298752510376085713e-18
9.468701537609111256e+03 9.058018136704778069e-18
9.472906611442576832e+03 4.871045356510922042e-18
9.477111685276042408e+03 7.018267673945979254e-18
9.481316759109507984e+03 8.774591317258383560e-18
9.485521832942973560e+03 3.872136672117904228e-18
9.489726906776439137e+03 1.360555150128498588e-18
9.493931980609904713e+03 7.874418633092451617e-18
9.498137054443370289e+03 1.075373260217419693e-18
9.502342128276835865e+03 5.703007073004506217e-18
9.506547202110301441e+03 8.946390940221359537e-18
9.510752275943767017e+03 1.379728245469773334e-17
9.514957349777232594e+03 3.608144047573136828e-18
9.519162423610698170e+03 1.063871975544359886e-17
9.523367497444163746e+03 3.194308895835307294e-18
9.527572571277629322e+03 7.316826108337806298e-18
9.531777645111094898e+03 4.905504873649268622e-18
9.535982718944560474e+03 4.997139941907893028e-18
9.540187792778026051e+03 3.750642038107340629e-18
9.544392866611491627e+03 8.115111647733131610e-18
9.548597940444957203e+03 4.075372467080345468e-18
9.552803014278422779e+03 9.532787134676020110e-19
9.557008088111888355e+03 6.482110707585033094e-18
9.561213161945353932e+03 6.908140155913119362e-18
9.565418235778819508e+03 5.758730094969140927e-18
9.569623309612286903e+03 8.138117194929456416e-18
9.573828383445752479e+03 1.127740989463355556e-17
9.578033457279218055e+03 1.018736038239791378e-17
9.582238531112683631e+03 7.560520961421441228e-18
9.586443604946149208e+03 5.602070358757723015e-18
9.590648678779614784e+03 4.583772147216155955e-18
9.594853752613080360e+03 8.597894785069093660e-18
9.599058826446545936e+03 1.189479930586965925e-17
9.603263900280011512e+03 8.183882616680177778e-18
9.607468974113477088e+03 1.432642079356116706e-17
9.611674047946942665e+03 1.798614575618157931e-17
9.615879121780408241e+03 9.823754946176754295e-18
9.620084195613873817e+03 8.258897144890774199e-18
9.624289269447339393e+03 4.887368938719043491e-18
9.628494343280804969e+03 8.980828123483167185e-18
9.632699417114270545e+03 8.189107089429062701e-18
9.636904490947736122e+03 1.116785561276519492e-17
9.641109564781201698e+03 8.090991061071085323e-18
9.645314638614667274e+03 5.349575958317748977e-18
9.649519712448132850e+03 9.801703138226703130e-18
9.653724786281598426e+03 1.132681739262134791e-17
9.657929860115064002e+03 1.024354993422802839e-17
9.662134933948529579e+03 1.257779489302918123e-17
9.666340007781995155e+03 2.436585233111316013e-17
9.670545081615460731e+03 1.882127392006001647e-17
9.674750155448926307e+03 1.457986231580251431e-17
9.678955229282391883e+03 8.311999658674840916e-18
9.683160303115857459e+03 1.100278923998840059e-17
9.687365376949323036e+03 1.835979316503913255e-17
9.691570450782788612e+03 1.188529913653448773e-17
9.695775524616254188e+03 1.511650897308609187e-17
9.699980598449719764e+03 1.796136838811316592e-17
9.704185672283185340e+03 2.016408914797654969e-17
9.708390746116650917e+03 2.140094088506381496e-17
9.712595819950116493e+03 1.953278986755975429e-17
9.716800893783582069e+03 1.405832163086538015e-17
9.721005967617047645e+03 7.297242607335613368e-18
9.725211041450513221e+03 1.451671369347899107e-17
9.729416115283978797e+03 1.425245099446422511e-17
9.733621189117444374e+03 1.379894674209019003e-17
9.737826262950909950e+03 4.119174162056865943e-18
9.742031336784375526e+03 7.083018545116017708e-18
9.746236410617841102e+03 1.618063381774370921e-17
9.750441484451306678e+03 9.629372465310468110e-18
9.754646558284772254e+03 5.682601768063741854e-18
9.758851632118237831e+03 1.657551329856427356e-17
9.763056705951703407e+03 1.372565109519247880e-17
9.767261779785168983e+03 2.286919970723523993e-17
9.771466853618634559e+03 8.759190041433258738e-18
9.775671927452100135e+03 1.759975976589070944e-17
9.779877001285565711e+03 2.183861372769419764e-17
9.784082075119031288e+03 8.463426650331248375e-18
9.788287148952496864e+03 6.071101618409990980e-18
9.792492222785962440e+03 -1.270767072780128524e-18
9.796697296619428016e+03 5.753601988761618431e-18
9.800902370452893592e+03 9.806247668512069464e-18
9.805107444286359168e+03 1.193448329575689076e-17
9.809312518119824745e+03 1.359596489157580257e-17
9.813517591953290321e+03 1.523979031721977000e-17
9.817722665786755897e+03 1.843479859426299088e-17
9.821927739620221473e+03 1.428979654475976920e-17
9.826132813453687049e+03 1.694609517607170528e-17
9.830337887287152626e+03 1.339377217136579069e-17
9.834542961120618202e+03 6.273681459146677669e-18
9.838748034954083778e+03 8.293986146475273633e-18
9.842953108787549354e+03 1.426562301853851952e-17
9.847158182621014930e+03 6.385900916948684169e-18
9.851363256454480506e+03 8.269039206381286871e-18
9.855568330287946083e+03 1.525488305467641255e-17
9.859773404121411659e+03 1.231137738851871463e-17
9.863978477954877235e+03 8.105854669498050677e-18
9.868183551788342811e+03 7.934313126886191245e-18
9.872388625621808387e+03 2.253769384186481324e-17
9.876593699455273963e+03 3.557116516355659380e-18
9.880798773288739540e+03 2.305496916997331771e-18
9.885003847122205116e+03 5.429132948862180349e-18
9.889208920955670692e+03 2.087563818270078963e-17
9.893413994789136268e+03 1.797005047582252250e-17
9.897619068622601844e+03 1.229450952146753329e-17
9.901824142456067420e+03 1.104114725935370959e-17
9.906029216289532997e+03 3.089801821910561459e-17
9.910234290122998573e+03 2.576270065100288222e-17
9.914439363956464149e+03 1.832926689171347561e-17
9.918644437789929725e+03 6.398172968516520887e-18
9.922849511623395301e+03 1.069644041858754913e-17
9.927054585456860877e+03 1.182186679126085880e-17
9.931259659290326454e+03 1.536046604242390611e-17
9.935464733123792030e+03 7.337163170878035036e-18
9.939669806957257606e+03 -4.818000331779427760e-18
9.943874880790723182e+03 2.049997782982258860e-18
9.948079954624188758e+03 2.754951003579092836e-17
9.952285028457654334e+03 2.268173741937357237e-17
9.956490102291119911e+03 7.733426524863400603e-18
9.960695176124585487e+03 1.190429368494054290e-17
9.964900249958051063e+03 2.172825129036737269e-17
9.969105323791518458e+03 -1.937197928733575700e-19
9.973310397624984034e+03 1.123315407750074348e-18
9.977515471458449611e+03 1.434024463595815326e-17
9.981720545291915187e+03 1.321570251935966277e-17
9.985925619125380763e+03 2.129452244489764284e-17
9.990130692958846339e+03 2.136425046181341286e-17
