3.338269287109369998e+03 1.635500018214743723e-17
3.342348367691035037e+03 -1.286817002962102117e-17
3.346427448272700076e+03 5.010242896401039263e-17
3.350506528854365115e+03 4.416746762594652288e-17
3.354585609436030154e+03 3.823250628788265313e-17
3.358664690017695193e+03 3.229754494981878338e-17
3.362743770599360232e+03 2.636294095377953654e-17
3.366822851181025271e+03 2.042797961571566679e-17
3.370901931762690310e+03 8.784659759674379013e-18
3.374981012344355349e+03 3.733226577490649184e-17
3.379060092926020388e+03 7.855798797503882964e-18
3.383139173507685427e+03 5.059300910580027952e-18
3.387218254089350467e+03 5.080581703481118440e-17
3.391297334671015506e+03 2.430157874315656477e-17
3.395376415252680545e+03 1.067333974562078072e-17
3.399455495834345584e+03 3.894185667653872712e-17
3.403534576416010623e+03 2.260111212506802877e-17
3.407613656997675662e+03 2.443962029814063914e-17
3.411692737579340701e+03 2.627801928337239251e-17
3.415771818161005740e+03 2.811652745644500288e-17
3.419850898742670779e+03 2.995503562951761325e-17
3.423929979324336273e+03 2.305906081887331127e-17
3.428009059906001312e+03 2.812561651701573555e-17
3.432088140487666351e+03 6.668902813714410187e-17
3.436167221069331390e+03 6.014179432711338146e-17
3.440246301650996429e+03 5.359455389963776063e-17
3.444325382232661468e+03 4.704732008960704022e-17
3.448404462814326507e+03 4.050008297085386959e-17
3.452483543395991546e+03 2.165386459224170402e-17
3.456562623977656585e+03 5.061907273972121287e-17
3.460641704559321624e+03 6.493158035537923800e-17
3.464720785140986663e+03 1.194161475068995543e-16
3.468799865722651703e+03 1.117637739287183872e-16
3.472878946304316742e+03 7.033523365983294744e-17
3.476958026885981781e+03 3.144785178971451251e-17
3.481037107467646820e+03 7.248219086588168140e-17
3.485116188049311859e+03 7.494075031740159111e-17
3.489195268630976898e+03 8.392604935209560741e-17
3.493274349212641937e+03 5.126031307673967056e-17
3.497353429794306976e+03 5.933091248135009864e-17
3.501432510375972015e+03 5.283147978455759260e-17
3.505511590957637054e+03 4.172041260238600069e-17
3.509590671539302093e+03 5.206518959125581839e-17
3.513669752120967132e+03 7.192019774026825398e-17
3.517748832702632171e+03 6.162746364681782256e-17
3.521827913284297210e+03 5.389408261688811237e-17
3.525906993865962249e+03 3.490804093625243321e-17
3.529986074447627288e+03 6.069894348305969836e-17
3.534065155029292328e+03 5.054496066555891180e-17
3.538144235610957367e+03 6.891941064387187144e-18
3.542223316192622406e+03 5.235514286573525629e-17
3.546302396774287445e+03 3.512254541269968435e-17
3.550381477355952484e+03 5.072968994867670415e-17
3.554460557937617523e+03 3.418821182359653747e-17
3.558539638519282562e+03 4.242170294315335797e-17
3.562618719100947601e+03 2.447879557195115053e-17
3.566697799682612640e+03 2.159646818389787453e-17
3.570776880264277679e+03 4.788367909823695629e-17
3.574855960845942718e+03 1.364313073010357621e-17
3.578935041427607757e+03 6.329528475485134077e-17
3.583014122009272796e+03 3.457020713919597586e-17
3.587093202590937835e+03 3.574469111245796795e-17
3.591172283172602874e+03 3.400109695159214218e-17
3.595251363754267913e+03 -3.552538898845790925e-17
3.599330444335932953e+03 1.112561894350762477e-17
3.603409524917597992e+03 4.750223964800915353e-17
3.607488605499263031e+03 5.585165847605405576e-17
3.611567686080928524e+03 3.546270524163864081e-17
3.615646766662593564e+03 5.562783001974210689e-17
3.619725847244258603e+03 6.401759210062244539e-17
3.623804927825923642e+03 3.153196613184380478e-17
3.627884008407588681e+03 4.023030959459827536e-17
3.631963088989253720e+03 3.622454851196732994e-17
3.636042169570918759e+03 5.642683355190912823e-17
3.640121250152583798e+03 5.343575176563983037e-17
3.644200330734248837e+03 5.457994769359258080e-17
3.648279411315913876e+03 5.842238361863615601e-17
3.652358491897578915e+03 6.678887876324660295e-17
3.656437572479243954e+03 3.179609813632178737e-17
3.660516653060908993e+03 5.021554094969334385e-17
3.664595733642574032e+03 4.208730029127777058e-17
3.668674814224239071e+03 5.254617195639825250e-17
3.672753894805904110e+03 6.349215374063896136e-17
3.676832975387569149e+03 7.935604190386264011e-17
3.680912055969234189e+03 -8.004141067219957672e-17
3.684991136550899228e+03 6.663937744805621894e-17
3.689070217132564267e+03 4.236485247401381349e-17
3.693149297714229306e+03 4.481412765033842801e-17
3.697228378295894345e+03 6.392807792345440695e-17
3.701307458877559384e+03 6.605466663409963516e-17
3.705386539459224423e+03 5.743003158136853977e-17
3.709465620040889462e+03 3.054795538387317327e-17
3.713544700622554501e+03 5.147613773344455633e-17
3.717623781204219540e+03 5.574211991061733362e-17
3.721702861785884579e+03 4.695148625255909664e-17
3.725781942367549618e+03 3.975297675031842521e-17
3.729861022949214657e+03 6.166939177770691042e-17
3.733940103530879696e+03 5.811538049737077511e-17
3.738019184112544735e+03 4.902145279591384500e-17
3.742098264694209774e+03 6.427232402461937537e-17
3.746177345275874814e+03 4.469748194907865026e-17
3.750256425857539853e+03 6.192588394204735325e-17
3.754335506439204892e+03 4.750986294453444223e-17
3.758414587020869931e+03 5.126634818648885745e-17
3.762493667602535425e+03 6.206682228353658831e-17
3.766572748184200464e+03 7.974070074103449925e-17
3.770651828765865503e+03 5.686822374421232422e-17
3.774730909347530542e+03 4.891248994818345977e-17
3.778809989929195581e+03 6.221595963925744899e-17
3.782889070510860620e+03 6.333728567763433331e-17
3.786968151092525659e+03 6.934249119331620617e-17
3.791047231674190698e+03 5.531745861902241006e-17
3.795126312255855737e+03 6.126228656743281232e-17
3.799205392837520776e+03 6.104187271268948236e-17
3.803284473419185815e+03 6.635413910306833330e-17
3.807363554000850854e+03 5.709133089903012685e-17
3.811442634582515893e+03 6.754705927782290726e-17
3.815521715164180932e+03 1.110548073518665378e-16
3.819600795745845971e+03 1.474148612830598545e-16
3.823679876327511010e+03 1.575957605576931166e-16
3.827758956909176050e+03 9.829963598418454810e-17
3.831838037490841089e+03 6.692834141452304341e-17
3.835917118072506128e+03 4.503035597118223965e-17
3.839996198654171167e+03 5.562056406524144110e-17
3.844075279235836206e+03 4.797231646395568852e-17
3.848154359817501245e+03 4.920827319162017141e-17
3.852233440399166284e+03 5.350755766025433360e-17
3.856312520980831323e+03 6.195669476550372842e-17
3.860391601562496362e+03 5.282625531180870767e-17
3.864470682144161401e+03 5.919132409862055012e-17
3.868549762725826440e+03 4.734654771311442266e-17
3.872628843307491479e+03 5.484200512909428039e-17
3.876707923889156518e+03 7.001535299079134100e-17
3.880787004470821557e+03 7.045058895933714246e-17
3.884866085052486596e+03 5.737628469388729425e-17
3.888945165634151635e+03 6.316163222019747277e-17
3.893024246215816675e+03 5.247708252291537342e-17
3.897103326797481714e+03 4.134280796147799376e-17
3.901182407379146753e+03 5.527876641868962964e-17
3.905261487960811792e+03 6.006617016679133346e-17
3.909340568542476831e+03 6.619766300095290216e-17
3.913419649124141870e+03 7.872113115289143819e-17
3.917498729705806909e+03 6.758925210650801210e-17
3.921577810287471948e+03 5.599710329752047972e-17
3.925656890869136987e+03 5.418225910741178636e-17
3.929735971450802026e+03 4.801347366251387696e-17
3.933815052032467065e+03 6.378015817759522432e-17
3.937894132614132104e+03 5.261847746810273776e-17
3.941973213195797143e+03 4.918625033499155960e-17
3.946052293777462182e+03 6.331671204143891440e-17
3.950131374359127221e+03 6.725439615965674565e-17
3.954210454940792260e+03 6.665177853979961393e-17
3.958289535522457300e+03 6.534255015347518384e-17
3.962368616104122339e+03 7.609826716193889549e-17
3.966447696685787378e+03 8.102300274405910318e-17
3.970526777267452871e+03 8.404442220647439588e-17
3.974605857849117911e+03 6.640649632712048974e-17
3.978684938430782950e+03 6.370845816209912789e-17
3.982764019012447989e+03 6.510960947553535083e-17
3.986843099594113028e+03 5.765720846480010329e-17
3.990922180175778067e+03 5.662858621203326190e-17
3.995001260757443106e+03 6.351906027160408624e-17
3.999080341339108145e+03 7.446280535946845172e-17
4.003159421920773184e+03 6.257441339462362822e-17
4.007238502502438223e+03 8.318794616534719018e-17
4.011317583084103262e+03 8.418741195588276246e-17
4.015396663665768301e+03 7.949615968218422257e-17
4.019475744247433340e+03 7.131879111282789989e-17
4.023554824829098379e+03 6.168950219275929963e-17
4.027633905410763418e+03 7.589619686445954146e-17
4.031712985992428457e+03 5.852701865740166380e-17
4.035792066574093496e+03 5.597328711332385295e-17
4.039871147155758536e+03 7.024423055756231354e-17
4.043950227737423575e+03 7.586578970514209217e-17
4.048029308319088614e+03 6.158971774110580280e-17
4.052108388900753653e+03 7.527971569753602100e-17
4.056187469482418692e+03 8.319297542347151258e-17
4.060266550064083731e+03 7.749136504493130215e-17
4.064345630645748770e+03 5.280996977990876366e-17
4.068424711227413809e+03 5.477468586212226479e-17
4.072503791809078848e+03 5.808869234208736423e-17
4.076582872390743887e+03 6.550962740232109459e-17
4.080661952972408926e+03 6.373015676392761891e-17
4.084741033554073965e+03 7.358276459705083536e-17
4.088820114135739004e+03 8.154212144416268207e-17
4.092899194717404043e+03 7.745207727455748355e-17
4.096978275299069537e+03 8.684755863140429522e-17
4.101057355880734576e+03 6.970553083799837938e-17
4.105136436462399615e+03 8.456721358849771022e-17
4.109215517044064654e+03 7.592299089886135914e-17
4.113294597625729693e+03 8.603370555288072192e-17
4.117373678207394732e+03 8.600898939617763746e-17
4.121452758789059772e+03 8.353039232149924321e-17
4.125531839370724811e+03 8.838841744157827432e-17
4.129610919952389850e+03 7.962504103906488471e-17
4.133690000534054889e+03 8.385775070327832902e-17
4.137769081115719928e+03 8.408400776186873357e-17
4.141848161697384967e+03 7.172516840416295132e-17
4.145927242279050006e+03 7.997174882973281094e-17
4.150006322860715045e+03 7.177749915843550607e-17
4.154085403442380084e+03 8.841965178150827664e-17
4.158164484024045123e+03 7.633419230752881983e-17
4.162243564605710162e+03 7.734142697837749015e-17
4.166322645187375201e+03 8.564309763274338141e-17
4.170401725769040240e+03 8.554248600047733154e-17
4.174480806350705279e+03 9.179080982435588987e-17
4.178559886932370318e+03 8.514518122610076171e-17
4.182638967514035357e+03 7.375062932183989658e-17
4.186718048095700397e+03 8.037590265958131984e-17
4.190797128677365436e+03 7.547536707346196353e-17
4.194876209259030475e+03 7.628056453405578194e-17
4.198955289840695514e+03 7.054235306777132514e-17
4.203034370422360553e+03 7.031854446379407755e-17
4.207113451004025592e+03 5.682523682213916848e-17
4.211192531585690631e+03 6.034299773931077991e-17
4.215271612167355670e+03 7.341653438115217892e-17
4.219350692749020709e+03 7.090369864655898975e-17
4.223429773330685748e+03 7.604201888028528961e-17
4.227508853912350787e+03 8.064920975141374061e-17
4.231587934494015826e+03 8.228341423935310378e-17
4.235667015075680865e+03 8.836120650814772992e-17
4.239746095657345904e+03 8.677681814541876029e-17
4.243825176239010943e+03 8.343322837802631437e-17
4.247904256820675982e+03 8.560719799415858000e-17
4.251983337402341022e+03 8.881412428946746491e-17
4.256062417984006061e+03 8.204000476358079964e-17
4.260141498565671100e+03 8.085312631602031299e-17
4.264220579147336139e+03 8.296718820346903815e-17
4.268299659729001178e+03 8.027598585902981452e-17
4.272378740310666217e+03 8.804247727451879730e-17
4.276457820892331256e+03 7.760344470920978719e-17
4.280536901473996295e+03 9.025312738773411439e-17
4.284615982055661334e+03 8.110196871405586541e-17
4.288695062637326373e+03 7.548109778074573091e-17
4.292774143218991412e+03 7.726008534566147562e-17
4.296853223800656451e+03 9.016651826887736219e-17
4.300932304382321490e+03 8.069747739451743488e-17
4.305011384963986529e+03 7.421739079789131904e-17
4.309090465545651568e+03 8.166153985483573757e-17
4.313169546127316607e+03 7.783337444971992719e-17
4.317248626708981647e+03 7.744028498774492759e-17
4.321327707290646686e+03 7.911408164852352888e-17
4.325406787872311725e+03 8.290574522756859925e-17
4.329485868453976764e+03 7.924777388784679942e-17
4.333564949035641803e+03 7.612283773485417062e-17
4.337644029617306842e+03 6.531563038762025811e-17
4.341723110198971881e+03 7.091094474872495427e-17
4.345802190780636920e+03 7.047462351921548324e-17
4.349881271362301959e+03 6.689319616465689037e-17
4.353960351943966998e+03 -3.238386290109991693e-17
4.358039432525632037e+03 6.677984595095752388e-17
4.362118513107297986e+03 7.396355222895594633e-17
4.366197593688963025e+03 7.157172970925681490e-17
4.370276674270628064e+03 7.399685782913978144e-17
4.374355754852293103e+03 7.594554315108200488e-17
4.378434835433958142e+03 6.567047763551570614e-17
4.382513916015623181e+03 6.938107089708567938e-17
4.386592996597288220e+03 7.551129979927126705e-17
4.390672077178953259e+03 7.037273472008365150e-17
4.394751157760618298e+03 6.703736381925753246e-17
4.398830238342283337e+03 7.043299979079181488e-17
4.402909318923948376e+03 6.599923229816878146e-17
4.406988399505613415e+03 7.053290997389841978e-17
4.411067480087278454e+03 7.624015841549379164e-17
4.415146560668943494e+03 6.521325189756579498e-17
4.419225641250608533e+03 6.654315979920405076e-17
4.423304721832273572e+03 7.229745827404143884e-17
4.427383802413938611e+03 6.991840080555522573e-17
4.431462882995603650e+03 6.865669229106074198e-17
4.435541963577268689e+03 7.640470780038774033e-17
4.439621044158933728e+03 7.547984046621465030e-17
4.443700124740598767e+03 7.399599094385782587e-17
4.447779205322263806e+03 7.460651641037096453e-17
4.451858285903928845e+03 7.430379477595615810e-17
4.455937366485593884e+03 7.520393933598126324e-17
4.460016447067258923e+03 8.015683214615277599e-17
4.464095527648923962e+03 6.784644572000789989e-17
4.468174608230589001e+03 7.397663491752408502e-17
4.472253688812254040e+03 8.676106200911085022e-17
4.476332769393919079e+03 7.231145417000583607e-17
4.480411849975584119e+03 8.395769397360943603e-17
4.484490930557249158e+03 8.130387357541270883e-17
4.488570011138914197e+03 8.269910889310795252e-17
4.492649091720579236e+03 7.339304245175567293e-17
4.496728172302244275e+03 7.691808917576265143e-17
4.500807252883909314e+03 8.280244029522807673e-17
4.504886333465574353e+03 9.377499112074398884e-17
4.508965414047239392e+03 7.952008174549925613e-17
4.513044494628904431e+03 8.491157218622598585e-17
4.517123575210569470e+03 8.778885046382023816e-17
4.521202655792234509e+03 1.035878479623503570e-16
4.525281736373899548e+03 8.170108570556067272e-17
4.529360816955564587e+03 7.285179501590507544e-17
4.533439897537229626e+03 6.405870628578878108e-17
4.537518978118894665e+03 9.689160252805188397e-17
4.541598058700559704e+03 8.656665471282618744e-17
4.545677139282224744e+03 9.720941193683965763e-17
4.549756219863889783e+03 5.057224769960581108e-17
4.553835300445554822e+03 5.752157069667610803e-17
4.557914381027219861e+03 8.860432481634441539e-17
4.561993461608884900e+03 7.776158840744012524e-17
4.566072542190549939e+03 7.691257022671569763e-17
4.570151622772214978e+03 7.591894764002719994e-17
4.574230703353880017e+03 8.686758963711787933e-17
4.578309783935545056e+03 7.966417660820599355e-17
4.582388864517210095e+03 7.384580803184269816e-17
4.586467945098875134e+03 8.210084555199529993e-17
4.590547025680540173e+03 8.248900501751948349e-17
4.594626106262205212e+03 8.051707922908697018e-17
4.598705186843870251e+03 7.548776154776045810e-17
4.602784267425535290e+03 7.811705769515621314e-17
4.606863348007200329e+03 9.498919299829832710e-17
4.610942428588865369e+03 8.146837002074745412e-17
4.615021509170530408e+03 8.612568803699661860e-17
4.619100589752195447e+03 8.432330780435787427e-17
4.623179670333860486e+03 8.822274309105125351e-17
4.627258750915525525e+03 7.976617128645623208e-17
4.631337831497190564e+03 8.374602176357956646e-17
4.635416912078855603e+03 8.975010231362836721e-17
4.639495992660520642e+03 8.592177147239004622e-17
4.643575073242185681e+03 7.996461522413015363e-17
4.647654153823850720e+03 8.127645088374535086e-17
4.651733234405515759e+03 8.680552462139680056e-17
4.655812314987180798e+03 8.708127355039747787e-17
4.659891395568845837e+03 8.850168824593883572e-17
4.663970476150510876e+03 8.644709071836532261e-17
4.668049556732175915e+03 8.083885910481499837e-17
4.672128637313840954e+03 8.159169934135666034e-17
4.676207717895505994e+03 8.616848305316766204e-17
4.680286798477171033e+03 9.197930774234447382e-17
4.684365879058836072e+03 8.785222573363160093e-17
4.688444959640501111e+03 8.924754707811055014e-17
4.692524040222166150e+03 8.150411084065464534e-17
4.696603120803831189e+03 8.852486253798012134e-17
4.700682201385496228e+03 9.310220211516275868e-17
4.704761281967161267e+03 9.205439588962958746e-17
4.708840362548826306e+03 9.906745811598077051e-17
4.712919443130491345e+03 9.306511133649588092e-17
4.716998523712156384e+03 8.627918628890685884e-17
4.721077604293821423e+03 7.800675150611104179e-17
4.725156684875486462e+03 9.626181367943361039e-17
4.729235765457151501e+03 8.600555494227431728e-17
4.733314846038816540e+03 9.728252808554444485e-17
4.737393926620481579e+03 1.012793324565026661e-16
4.741473007202146619e+03 8.886388085767375463e-17
4.745552087783811658e+03 7.943343292197310138e-17
4.749631168365476697e+03 9.329092502627795705e-17
4.753710248947141736e+03 8.566253968586082777e-17
4.757789329528806775e+03 9.459286760576702006e-17
4.761868410110471814e+03 9.254419269137938663e-17
4.765947490692136853e+03 8.465941444829532089e-17
4.770026571273801892e+03 8.931914783193314021e-17
4.774105651855466931e+03 9.160445595851504337e-17
4.778184732437132880e+03 8.771632326771158870e-17
4.782263813018797919e+03 8.250691844086493185e-17
4.786342893600462958e+03 8.291062228446021191e-17
4.790421974182127997e+03 9.413431837883702406e-17
4.794501054763793036e+03 9.491108729613862002e-17
4.798580135345458075e+03 8.299951442180761047e-17
4.802659215927123114e+03 8.061325055582483539e-17
4.806738296508788153e+03 9.444810438112533979e-17
4.810817377090453192e+03 8.892995604500449048e-17
4.814896457672118231e+03 8.442632818656767854e-17
4.818975538253783270e+03 8.194457459067178194e-17
4.823054618835448309e+03 8.154959915690016144e-17
4.827133699417113348e+03 8.089982562468260672e-17
4.831212779998778387e+03 8.515038915523739558e-17
4.835291860580443426e+03 1.795070437565613228e-17
4.839370941162108466e+03 -6.603878724788045469e-18
4.843450021743773505e+03 7.622727425027266569e-17
4.847529102325438544e+03 7.634831393494632512e-17
4.851608182907103583e+03 8.263505202647184605e-17
4.855687263488768622e+03 8.082363898154402266e-17
4.859766344070433661e+03 8.229412788264689059e-17
4.863845424652098700e+03 8.043097965348755063e-17
4.867924505233763739e+03 7.180826365977757827e-17
4.872003585815428778e+03 7.961175982714973330e-17
4.876082666397093817e+03 7.800286706595449277e-17
4.880161746978758856e+03 7.588894414484867652e-17
4.884240827560423895e+03 7.275266569129672060e-17
4.888319908142088934e+03 7.368469971829697007e-17
4.892398988723753973e+03 7.456481327260849109e-17
4.896478069305419012e+03 8.188798220188335400e-17
4.900557149887084051e+03 8.457315605401829117e-17
4.904636230468749091e+03 8.083936864807233103e-17
4.908715311050414130e+03 8.992271836385593302e-17
4.912794391632079169e+03 8.938652665590925963e-17
4.916873472213744208e+03 9.334151539254170022e-17
4.920952552795409247e+03 1.007966295556861217e-16
4.925031633377074286e+03 9.471775202592782597e-17
4.929110713958739325e+03 9.870602651040940039e-17
4.933189794540404364e+03 9.578586057241549869e-17
4.937268875122069403e+03 1.095893344739981914e-16
4.941347955703734442e+03 1.133070150190565190e-16
4.945427036285399481e+03 1.180667843172540513e-16
4.949506116867064520e+03 9.522538284168426841e-17
4.953585197448729559e+03 1.069847544833055209e-16
4.957664278030394598e+03 1.042679889492159585e-16
4.961743358612059637e+03 9.811484383534020172e-17
4.965822439193724676e+03 1.005099089030405410e-16
4.969901519775389716e+03 9.284962747820336699e-17
4.973980600357054755e+03 1.003788834940121414e-16
4.978059680938719794e+03 1.183687250931706077e-16
4.982138761520384833e+03 1.218830118517694964e-16
4.986217842102049872e+03 1.234098152089749744e-16
4.990296922683714911e+03 1.308844309822409461e-16
4.994376003265379950e+03 8.563975582306866717e-17
4.998455083847044989e+03 9.371810094693504181e-17
5.002534164428710028e+03 1.041933110835146711e-16
5.006613245010375067e+03 1.048663515520021174e-16
5.010692325592040106e+03 1.097482788830614808e-16
5.014771406173705145e+03 1.008084549297231798e-16
5.018850486755370184e+03 9.902743580922300482e-17
5.022929567337035223e+03 1.027283477489036574e-16
5.027008647918700262e+03 1.001922450780405767e-16
5.031087728500365301e+03 8.960494865973756191e-17
5.035166809082031250e+03 9.766704795637339508e-17
5.039245889663696289e+03 8.396515845145711456e-17
5.043324970245361328e+03 8.395395511724069635e-17
5.047404050827026367e+03 8.724978678478678066e-17
5.051483131408691406e+03 8.737532633199272857e-17
5.055562211990356445e+03 8.832017173232019932e-17
5.059641292572021484e+03 8.319328644338183252e-17
5.063720373153686523e+03 8.585563672805520655e-17
5.067799453735351562e+03 8.288444367243413369e-17
5.071878534317016602e+03 8.429509101930246539e-17
5.075957614898681641e+03 9.085479209552558503e-17
5.080036695480346680e+03 9.862234891964353611e-17
5.084115776062011719e+03 1.079016941184879027e-16
5.088194856643676758e+03 1.001702619260813674e-16
5.092273937225341797e+03 8.973686742382751876e-17
5.096353017807006836e+03 8.193859903792669887e-17
5.100432098388671875e+03 7.967777545747636533e-17
5.104511178970336914e+03 8.359358230285339410e-17
5.108590259552001953e+03 8.793788855786759248e-17
5.112669340133666992e+03 8.095693417417326775e-17
5.116748420715332031e+03 8.015477412078874406e-17
5.120827501296997070e+03 8.358149223102031905e-17
5.124906581878662109e+03 1.037700129855692350e-16
5.128985662460327148e+03 1.327291099226832020e-16
5.133064743041992188e+03 1.361852690452767644e-16
5.137143823623657227e+03 1.350140474723506815e-16
5.141222904205322266e+03 1.034953360826424264e-16
5.145301984786987305e+03 7.604589670299693820e-17
5.149381065368652344e+03 7.713876772830199837e-17
5.153460145950317383e+03 7.527001452331199909e-17
5.157539226531982422e+03 7.732899279940959303e-17
5.161618307113647461e+03 7.674532092430237586e-17
5.165697387695312500e+03 8.651036010905827859e-17
5.169776468276977539e+03 7.584023975038155425e-17
5.173855548858642578e+03 7.521163542440045661e-17
5.177934629440307617e+03 8.302829368967955541e-17
5.182013710021972656e+03 7.664396152076257806e-17
5.186092790603637695e+03 7.268440674714884476e-17
5.190171871185302734e+03 7.533053105692637860e-17
5.194250951766967773e+03 7.198727216177895388e-17
5.198330032348632812e+03 7.781159643855263108e-17
5.202409112930297852e+03 7.436286870658224512e-17
5.206488193511962891e+03 6.886170735152078478e-17
5.210567274093627930e+03 7.161126894253684962e-17
5.214646354675292969e+03 7.874548996756989975e-17
5.218725435256958008e+03 8.263970409023684428e-17
5.222804515838623047e+03 8.211671418486651722e-17
5.226883596420288086e+03 6.923135120621358137e-17
5.230962677001953125e+03 6.870723633521018218e-17
5.235041757583618164e+03 6.872851142056504606e-17
5.239120838165283203e+03 7.757789475444924927e-17
5.243199918746948242e+03 7.467142030995432530e-17
5.247278999328613281e+03 7.527396513791755235e-17
5.251358079910278320e+03 8.068992688988605084e-17
5.255437160491943359e+03 7.618368514071357134e-17
5.259516241073608398e+03 7.897163452959699709e-17
5.263595321655273438e+03 8.099366761081552260e-17
5.267674402236938477e+03 7.922799434503943142e-17
5.271753482818603516e+03 8.182762448694658468e-17
5.275832563400268555e+03 7.916451319610966187e-17
5.279911643981933594e+03 7.933929315081966640e-17
5.283990724563598633e+03 7.621933993383705704e-17
5.288069805145263672e+03 7.813775706280474010e-17
5.292148885726928711e+03 7.909421607893245536e-17
5.296227966308593750e+03 7.905394892671337398e-17
5.300307046890258789e+03 8.800974077459639867e-17
5.304386127471923828e+03 7.615976307739853778e-17
5.308465208053588867e+03 7.726171985455188040e-17
5.312544288635253906e+03 8.879040074949944407e-17
5.316623369216918945e+03 7.956664870526354138e-17
5.320702449798583984e+03 7.580478348060508127e-17
5.324781530380249023e+03 8.826568369101010629e-17
5.328860610961914062e+03 8.660026471547544206e-17
5.332939691543579102e+03 7.882149793969617235e-17
5.337018772125244141e+03 8.669899037594487102e-17
5.341097852706909180e+03 8.140463740891146845e-17
5.345176933288574219e+03 8.521150787633771369e-17
5.349256013870239258e+03 7.837775193700842534e-17
5.353335094451904297e+03 8.110769942133963279e-17
5.357414175033569336e+03 8.356848895179098545e-17
5.361493255615234375e+03 8.349670952695608392e-17
5.365572336196899414e+03 8.043946983529479491e-17
5.369651416778564453e+03 7.890041097013373119e-17
5.373730497360229492e+03 7.961395681885667414e-17
5.377809577941894531e+03 8.205882477687760613e-17
5.381888658523559570e+03 7.610936461703690691e-17
5.385967739105224609e+03 7.194627047317592541e-17
5.390046819686889648e+03 7.758496218560290234e-17
5.394125900268554688e+03 7.784694682921069727e-17
5.398204980850219727e+03 7.831953827421939346e-17
5.402284061431884766e+03 7.780849947433923254e-17
5.406363142013549805e+03 7.230949540631531050e-17
5.410442222595214844e+03 7.989665406500279688e-17
5.414521303176879883e+03 7.621701721067700814e-17
5.418600383758544922e+03 8.309889520932218143e-17
5.422679464340209961e+03 7.863139860004168574e-17
5.426758544921875000e+03 8.375707951400817534e-17
5.430837625503540039e+03 7.558835994513670711e-17
5.434916706085205078e+03 7.422099730536205024e-17
5.438995786666870117e+03 7.410053995583962814e-17
5.443074867248535156e+03 7.668207138594412115e-17
5.447153947830200195e+03 7.670376337032771175e-17
5.451233028411865234e+03 8.156943825671163326e-17
5.455312108993530273e+03 7.852677017872107838e-17
5.459391189575195312e+03 8.217445139162271855e-17
5.463470270156860352e+03 8.014818976311282196e-17
5.467549350738525391e+03 7.479756204464621180e-17
5.471628431320190430e+03 7.802618032433868730e-17
5.475707511901855469e+03 8.328328369402760193e-17
5.479786592483520508e+03 8.023370038611610374e-17
5.483865673065185547e+03 7.452072785468186493e-17
5.487944753646850586e+03 7.957097651422841882e-17
5.492023834228515625e+03 8.697567898212140857e-17
5.496102914810180664e+03 8.388123601522993458e-17
5.500181995391845703e+03 8.029174199533772459e-17
5.504261075973510742e+03 7.777721881229492725e-17
5.508340156555175781e+03 7.419949060943567152e-17
5.512419237136840820e+03 8.226880953845786752e-17
5.516498317718506769e+03 8.425682895288821254e-17
5.520577398300171808e+03 8.356142813808223281e-17
5.524656478881836847e+03 9.094048138954117827e-17
5.528735559463501886e+03 7.394989382268147074e-17
5.532814640045166925e+03 7.981195738772226727e-17
5.536893720626831964e+03 8.193737481062012039e-17
5.540972801208497003e+03 7.209497769497825851e-17
5.545051881790162042e+03 7.048227990296527406e-17
5.549130962371827081e+03 6.913318141111578804e-17
5.553210042953492120e+03 7.436866558831501674e-17
5.557289123535157159e+03 8.154791832589545369e-17
5.561368204116822199e+03 7.827471831990882021e-17
5.565447284698487238e+03 7.970510550491511736e-17
5.569526365280152277e+03 9.338433026104744493e-17
5.573605445861817316e+03 1.028059306729162310e-16
5.577684526443482355e+03 9.416528802097100942e-17
5.581763607025147394e+03 7.028374332106274657e-17
5.585842687606812433e+03 8.056271312912029561e-17
5.589921768188477472e+03 8.250575377056245719e-17
5.594000848770142511e+03 7.755126615616994221e-17
5.598079929351807550e+03 6.951026327387666145e-17
5.602159009933472589e+03 8.601900820775687973e-17
5.606238090515137628e+03 7.663523972838381893e-17
5.610317171096802667e+03 7.395641200590838860e-17
5.614396251678467706e+03 7.481518430041604151e-17
5.618475332260132745e+03 7.086693874013713320e-17
5.622554412841797784e+03 7.276315434146389300e-17
5.626633493423462824e+03 8.550387982692825664e-17
5.630712574005127863e+03 7.935811316411647289e-17
5.634791654586792902e+03 9.224025344710290214e-17
5.638870735168457941e+03 7.323045183055224981e-17
5.642949815750122980e+03 7.583189515236211931e-17
5.647028896331788019e+03 7.457643350585363602e-17
5.651107976913453058e+03 7.704742713634144284e-17
5.655187057495118097e+03 7.359336574378131496e-17
5.659266138076783136e+03 7.615928000392080681e-17
5.663345218658448175e+03 7.497473089696526948e-17
5.667424299240113214e+03 7.485544483519022247e-17
5.671503379821778253e+03 7.239729566525413907e-17
5.675582460403443292e+03 7.066575518027443602e-17
5.679661540985108331e+03 7.409365119569828653e-17
5.683740621566773370e+03 8.060197442971451251e-17
5.687819702148439319e+03 6.890510455517776683e-17
5.691898782730104358e+03 6.177997589943789959e-17
5.695977863311769397e+03 6.771182703839856995e-17
5.700056943893434436e+03 6.806519859608122338e-17
5.704136024475099475e+03 6.574172104731367330e-17
5.708215105056764514e+03 6.817114388893701516e-17
5.712294185638429553e+03 7.221215940927497062e-17
5.716373266220094592e+03 7.200241949315602493e-17
5.720452346801759631e+03 7.062444908920598803e-17
5.724531427383424671e+03 6.778974083465616474e-17
5.728610507965089710e+03 6.559662033298207140e-17
5.732689588546754749e+03 6.320246185523309022e-17
5.736768669128419788e+03 5.857224889329606336e-17
5.740847749710084827e+03 6.318935931433025026e-17
5.744926830291749866e+03 6.395135147716919893e-17
5.749005910873414905e+03 6.467254047475213185e-17
5.753084991455079944e+03 6.002829852962620564e-17
5.757164072036744983e+03 6.521738780062856012e-17
5.761243152618410022e+03 5.857925676744561261e-17
5.765322233200075061e+03 5.853278245190993330e-17
5.769401313781740100e+03 5.923608449592701955e-17
5.773480394363405139e+03 5.942792422359031773e-17
5.777559474945070178e+03 5.846856014915131623e-17
5.781638555526735217e+03 5.402857556704433425e-17
5.785717636108400256e+03 6.401026658911767577e-17
5.789796716690065296e+03 5.972283065557772315e-17
5.793875797271730335e+03 6.023146732295903008e-17
5.797954877853395374e+03 6.338878925129433502e-17
5.802033958435060413e+03 5.650720903766968083e-17
5.806113039016725452e+03 6.126013589784017445e-17
5.810192119598390491e+03 5.754313033216169014e-17
5.814271200180055530e+03 6.102395267189913357e-17
5.818350280761720569e+03 5.980869200316072743e-17
5.822429361343385608e+03 5.201675320330716331e-17
5.826508441925050647e+03 5.463697021629953631e-17
5.830587522506715686e+03 6.496931302620145691e-17
5.834666603088380725e+03 6.487306229012478661e-17
5.838745683670045764e+03 5.375266120192114634e-17
5.842824764251710803e+03 6.274186122038396271e-17
5.846903844833375842e+03 5.851460433076846796e-17
5.850982925415040881e+03 6.292468137064798268e-17
5.855062005996705921e+03 6.892964865831344027e-17
5.859141086578370960e+03 6.089451544964683580e-17
5.863220167160035999e+03 5.209037889526928319e-17
5.867299247741701038e+03 5.672090618583908021e-17
5.871378328323366077e+03 5.736880698114981488e-17
5.875457408905031116e+03 5.567770570195660425e-17
5.879536489486696155e+03 5.746592460250844075e-17
5.883615570068361194e+03 5.388055986823409547e-17
5.887694650650026233e+03 5.482861472933827198e-17
5.891773731231691272e+03 4.934409624820137855e-17
5.895852811813356311e+03 5.077898991318486460e-17
5.899931892395021350e+03 5.053184488976627099e-17
5.904010972976686389e+03 5.500382150924435388e-17
5.908090053558351428e+03 5.363560521907754228e-17
5.912169134140016467e+03 5.002671215945973869e-17
5.916248214721681506e+03 5.032614492375903428e-17
5.920327295303346546e+03 5.590259294945262099e-17
5.924406375885011585e+03 4.900298350719676100e-17
5.928485456466676624e+03 4.069261091278681189e-17
5.932564537048341663e+03 4.611736063158307375e-17
5.936643617630006702e+03 4.663031518176190748e-17
5.940722698211671741e+03 4.981489105691960957e-17
5.944801778793336780e+03 6.061909077544627928e-17
5.948880859375001819e+03 5.470539790529237298e-17
5.952959939956666858e+03 4.890339427016782668e-17
5.957039020538331897e+03 4.499962455706466957e-17
5.961118101119996936e+03 5.942644853337752313e-17
5.965197181701661975e+03 5.939624651485198698e-17
5.969276262283327014e+03 6.498955579015185460e-17
5.973355342864992053e+03 5.463539195569078514e-17
5.977434423446657092e+03 5.773594944167025110e-17
5.981513504028322131e+03 6.678040843377405994e-17
5.985592584609987171e+03 6.049676068901703712e-17
5.989671665191652210e+03 5.397780983849072983e-17
5.993750745773317249e+03 6.400234550757186798e-17
5.997829826354982288e+03 6.241545575067053799e-17
6.001908906936647327e+03 5.379912228256702479e-17
6.005987987518312366e+03 5.827998943926882762e-17
6.010067068099977405e+03 6.306847183088930059e-17
6.014146148681642444e+03 6.174884082118140363e-17
6.018225229263307483e+03 6.555483778588079287e-17
6.022304309844972522e+03 6.193338150711953389e-17
6.026383390426637561e+03 5.500412922043222360e-17
6.030462471008302600e+03 6.509245044090855082e-17
6.034541551589967639e+03 6.461766862163781421e-17
6.038620632171632678e+03 5.778345607861039659e-17
6.042699712753297717e+03 5.547606884711822801e-17
6.046778793334962756e+03 6.093009745087641683e-17
6.050857873916627796e+03 6.488057309008676810e-17
6.054936954498292835e+03 6.007493828128439555e-17
6.059016035079957874e+03 6.335569540934731349e-17
6.063095115661622913e+03 6.904280034866579403e-17
6.067174196243287952e+03 6.015870851627886577e-17
6.071253276824952991e+03 6.942525557668581190e-17
6.075332357406618030e+03 6.313853733749499224e-17
6.079411437988283069e+03 6.573432936135989945e-17
6.083490518569948108e+03 6.805388938274639838e-17
6.087569599151613147e+03 6.385725802813006693e-17
6.091648679733278186e+03 5.923543598632677798e-17
6.095727760314943225e+03 6.355534372199311225e-17
6.099806840896608264e+03 6.858364231680495900e-17
6.103885921478273303e+03 6.558623094448840537e-17
6.107965002059938342e+03 5.828120704913050567e-17
6.112044082641603381e+03 5.473312169070270025e-17
6.116123163223268421e+03 5.286423944553714270e-17
6.120202243804933460e+03 5.807409425863702839e-17
6.124281324386598499e+03 6.595969968233364716e-17
6.128360404968263538e+03 5.744587374446015536e-17
6.132439485549928577e+03 5.442740235374800165e-17
6.136518566131593616e+03 6.460608147561717140e-17
6.140597646713258655e+03 5.497197836438351252e-17
6.144676727294923694e+03 6.045293335144152750e-17
6.148755807876588733e+03 5.770808999863946513e-17
6.152834888458253772e+03 6.158960524454249559e-17
6.156913969039918811e+03 5.133466337891838690e-17
6.160993049621583850e+03 5.258684939020116019e-17
6.165072130203248889e+03 4.978214463082986031e-17
6.169151210784913928e+03 5.011551496130098153e-17
6.173230291366578967e+03 5.345563387884315495e-17
6.177309371948244006e+03 5.676874369502424690e-17
6.181388452529909046e+03 5.466222900348445557e-17
6.185467533111574085e+03 5.532585946532349861e-17
6.189546613693239124e+03 5.391395149520163610e-17
6.193625694274904163e+03 5.029004014438231973e-17
6.197704774856569202e+03 5.694710368742538094e-17
6.201783855438234241e+03 5.181305832310475513e-17
6.205862936019899280e+03 5.233107190990996319e-17
6.209942016601564319e+03 4.940101289178992728e-17
6.214021097183230268e+03 5.734132473247835309e-17
6.218100177764895307e+03 5.701995513833415120e-17
6.222179258346560346e+03 5.425489549136129283e-17
6.226258338928225385e+03 6.017418010245605760e-17
6.230337419509890424e+03 5.558531293625688127e-17
6.234416500091555463e+03 5.140862986929287863e-17
6.238495580673220502e+03 4.684608028146268943e-17
6.242574661254885541e+03 5.596246097346675892e-17
6.246653741836550580e+03 5.385275998220741332e-17
6.250732822418215619e+03 4.621298271039420375e-17
6.254811902999880658e+03 6.030689295993406536e-17
6.258890983581545697e+03 5.167759922599307132e-17
6.262970064163210736e+03 5.452782869755683963e-17
6.267049144744875775e+03 4.464839043408485317e-17
6.271128225326540814e+03 4.893180957857024829e-17
6.275207305908205853e+03 5.171779358631824804e-17
6.279286386489870893e+03 5.592360995445636832e-17
6.283365467071535932e+03 5.637700419180893385e-17
6.287444547653200971e+03 5.316691475783764617e-17
6.291523628234866010e+03 6.475084470025885166e-17
6.295602708816531049e+03 5.423499683454571720e-17
6.299681789398196088e+03 4.150154722974936999e-17
6.303760869979861127e+03 5.078194460233290402e-17
6.307839950561526166e+03 5.155006121042719530e-17
6.311919031143191205e+03 5.519067499217518240e-17
6.315998111724856244e+03 4.840594770211313711e-17
6.320077192306521283e+03 5.241719464656653422e-17
6.324156272888186322e+03 5.451840545601863554e-17
6.328235353469851361e+03 5.256813856474521071e-17
6.332314434051516400e+03 5.524635748228980201e-17
6.336393514633181439e+03 6.350019393619297679e-17
6.340472595214846478e+03 6.259770680067312148e-17
6.344551675796511518e+03 5.280504640090284804e-17
6.348630756378176557e+03 5.036752049799893673e-17
6.352709836959841596e+03 5.582796802331053704e-17
6.356788917541506635e+03 6.119569521939984338e-17
6.360867998123171674e+03 5.746893553993813377e-17
6.364947078704836713e+03 6.310136053204440897e-17
6.369026159286501752e+03 6.359242126577018916e-17
6.373105239868166791e+03 6.018292174716951800e-17
6.377184320449831830e+03 5.929873184679933565e-17
6.381263401031496869e+03 6.001959658958214779e-17
6.385342481613162818e+03 6.103956322441923430e-17
6.389421562194827857e+03 6.390894689024728052e-17
6.393500642776492896e+03 6.647908969767814345e-17
6.397579723358157935e+03 7.001827790143732850e-17
6.401658803939822974e+03 7.327756142079836985e-17
6.405737884521488013e+03 6.685437161542610147e-17
6.409816965103153052e+03 7.221319834812433723e-17
6.413896045684818091e+03 7.362790218871662897e-17
6.417975126266483130e+03 7.020157450773417901e-17
6.422054206848148169e+03 7.296373571384065157e-17
6.426133287429813208e+03 6.593113217269851579e-17
6.430212368011478247e+03 7.091402186060365154e-17
6.434291448593143286e+03 6.962649869355261290e-17
6.438370529174808325e+03 7.391701173897126278e-17
6.442449609756473365e+03 7.242232945931244390e-17
6.446528690338138404e+03 7.438571874382340996e-17
6.450607770919803443e+03 7.955369836559341118e-17
6.454686851501468482e+03 7.963623775583640249e-17
6.458765932083133521e+03 7.828905170556313907e-17
6.462845012664798560e+03 7.011554110658376371e-17
6.466924093246463599e+03 7.188898325267295292e-17
6.471003173828128638e+03 6.187549209913062280e-17
6.475082254409793677e+03 7.516866835466200214e-17
6.479161334991458716e+03 7.126290017319891691e-17
6.483240415573123755e+03 9.461087367334107437e-17
6.487319496154788794e+03 6.545345853000629380e-17
6.491398576736453833e+03 5.716150890219912572e-17
6.495477657318118872e+03 6.190336477705120962e-17
6.499556737899783911e+03 5.736844963912519197e-17
6.503635818481448950e+03 6.027265430001927044e-17
6.507714899063113990e+03 6.117344736964461715e-17
6.511793979644779029e+03 5.844909162625426817e-17
6.515873060226444068e+03 5.409152732038206987e-17
6.519952140808109107e+03 4.037206519053271282e-17
6.524031221389774146e+03 6.195564259176456097e-17
6.528110301971439185e+03 7.027282453697704660e-17
6.532189382553104224e+03 6.582225535175183608e-17
6.536268463134769263e+03 5.146685676697171136e-17
6.540347543716434302e+03 4.755604278377205266e-17
6.544426624298099341e+03 4.960159095544423565e-17
6.548505704879764380e+03 4.875571606104750955e-17
6.552584785461429419e+03 5.325708406205082661e-17
6.556663866043094458e+03 4.899372901050351773e-17
6.560742946624759497e+03 5.243381766815639986e-17
6.564822027206424536e+03 4.916973980996500117e-17
6.568901107788089575e+03 4.764644369855674795e-17
6.572980188369754615e+03 5.052015517334967161e-17
6.577059268951419654e+03 5.013897380347298539e-17
6.581138349533084693e+03 5.053659290648232537e-17
6.585217430114749732e+03 4.940290548103144861e-17
6.589296510696414771e+03 5.603196399725591452e-17
6.593375591278079810e+03 5.776843447868643361e-17
6.597454671859744849e+03 6.012630950604638878e-17
6.601533752441409888e+03 5.953938846549306331e-17
6.605612833023074927e+03 6.499038297076440763e-17
6.609691913604739966e+03 7.420706096640175683e-17
6.613770994186405005e+03 7.872443325789674987e-17
6.617850074768070044e+03 8.338967897313662257e-17
6.621929155349735083e+03 9.438242624048862940e-17
6.626008235931400122e+03 9.934731647826461126e-17
6.630087316513065161e+03 1.081233189656480103e-16
6.634166397094730200e+03 1.233297970652390448e-16
6.638245477676395240e+03 1.434923840532231981e-16
6.642324558258060279e+03 1.463260004293644514e-16
6.646403638839725318e+03 1.533419346268024186e-16
6.650482719421390357e+03 1.794444328016359591e-16
6.654561800003055396e+03 1.710030877377568138e-16
6.658640880584720435e+03 1.760072922156862159e-16
6.662719961166385474e+03 1.833987399414436560e-16
6.666799041748050513e+03 1.742558663087807381e-16
6.670878122329715552e+03 1.768938577787756506e-16
6.674957202911380591e+03 1.775979671510705886e-16
6.679036283493045630e+03 1.725326042473714658e-16
6.683115364074710669e+03 1.666381681418777939e-16
6.687194444656375708e+03 1.567836280148436536e-16
6.691273525238040747e+03 1.538302755906741245e-16
6.695352605819705786e+03 1.617315842111194499e-16
6.699431686401370825e+03 1.623282792177907019e-16
6.703510766983035865e+03 1.528837030372276430e-16
6.707589847564700904e+03 1.557533712531864074e-16
6.711668928146365943e+03 1.531062609441187104e-16
6.715748008728030982e+03 1.540270254624535374e-16
6.719827089309696021e+03 1.773259504609937505e-16
6.723906169891361060e+03 2.050481344496551234e-16
6.727985250473026099e+03 2.158108527148234839e-16
6.732064331054691138e+03 2.084796634423293068e-16
6.736143411636356177e+03 1.872266803534328519e-16
6.740222492218021216e+03 1.658198416706015339e-16
6.744301572799686255e+03 1.687191560397141988e-16
6.748380653381351294e+03 1.652108249815256919e-16
6.752459733963016333e+03 1.558445993485836558e-16
6.756538814544681372e+03 1.586872154497894860e-16
6.760617895126346411e+03 1.548583353606244298e-16
6.764696975708011450e+03 1.472873431198286798e-16
6.768776056289676490e+03 1.480904362329441633e-16
6.772855136871341529e+03 1.446766949321623202e-16
6.776934217453006568e+03 1.393417240883301138e-16
6.781013298034671607e+03 1.370689494023896141e-16
6.785092378616336646e+03 1.383118379035872913e-16
6.789171459198001685e+03 1.344007029743099621e-16
6.793250539779666724e+03 1.206282384195306572e-16
6.797329620361331763e+03 1.147478842367850881e-16
6.801408700942996802e+03 1.160971944868713877e-16
6.805487781524661841e+03 1.217386589087116424e-16
6.809566862106326880e+03 1.080212316431691658e-16
6.813645942687991919e+03 1.101529290212775215e-16
6.817725023269656958e+03 1.063900380926594957e-16
6.821804103851321997e+03 9.808624323848056823e-17
6.825883184432987036e+03 9.956802811802846031e-17
6.829962265014652075e+03 9.749689359564878708e-17
6.834041345596317115e+03 9.222083786376505748e-17
6.838120426177982154e+03 8.618226057345034527e-17
6.842199506759647193e+03 8.501359995170072650e-17
6.846278587341312232e+03 8.246009340074953006e-17
6.850357667922977271e+03 8.701351753206203426e-17
6.854436748504642310e+03 8.783126828563195742e-17
6.858515829086307349e+03 8.541707880216939212e-17
6.862594909667972388e+03 8.050106501242794356e-17
6.866673990249637427e+03 6.231782858605457946e-17
6.870753070831302466e+03 6.290964653583421885e-17
6.874832151412967505e+03 5.632587781250825631e-17
6.878911231994632544e+03 6.086357227729245214e-17
6.882990312576297583e+03 6.595667551001415329e-17
6.887069393157962622e+03 7.015515974920260352e-17
6.891148473739627661e+03 7.421295710980803481e-17
6.895227554321292700e+03 5.717921718475266093e-17
6.899306634902957740e+03 4.006930385144850384e-17
6.903385715484622779e+03 4.816787519565302511e-17
6.907464796066288727e+03 5.388979451259263748e-17
6.911543876647953766e+03 6.065493747447187728e-17
6.915622957229618805e+03 6.042862747632226934e-17
6.919702037811283844e+03 6.506726444561753623e-17
6.923781118392948883e+03 6.423670893616529221e-17
6.927860198974613922e+03 5.929576723148394560e-17
6.931939279556278962e+03 5.872279576478071439e-17
6.936018360137944001e+03 5.541379538188278588e-17
6.940097440719609040e+03 5.818288505280000259e-17
6.944176521301274079e+03 5.956624867434388523e-17
6.948255601882939118e+03 5.240163041616073645e-17
6.952334682464604157e+03 5.395147571650949164e-17
6.956413763046269196e+03 5.359878575565158192e-17
6.960492843627934235e+03 4.695726659067961720e-17
6.964571924209599274e+03 6.025804298167913376e-17
6.968651004791264313e+03 5.554505901892760073e-17
6.972730085372929352e+03 5.110648395258440911e-17
6.976809165954594391e+03 5.261420921614196413e-17
6.980888246536259430e+03 4.858211070280733031e-17
6.984967327117924469e+03 4.274938557973256457e-17
6.989046407699589508e+03 4.180486443420521460e-17
6.993125488281254547e+03 4.271028971526085827e-17
6.997204568862919587e+03 4.764048138070146573e-17
7.001283649444584626e+03 5.131450664175169472e-17
7.005362730026249665e+03 5.525697186391008247e-17
7.009441810607914704e+03 5.151856217270117601e-17
7.013520891189579743e+03 4.126072848365558193e-17
7.017599971771244782e+03 4.893790093660108878e-17
7.021679052352909821e+03 4.825517914622432186e-17
7.025758132934574860e+03 4.977605327279901982e-17
7.029837213516239899e+03 4.493985910344648821e-17
7.033916294097904938e+03 4.872769118189421297e-17
7.037995374679569977e+03 4.762496347240997093e-17
7.042074455261235016e+03 4.062810405989747658e-17
7.046153535842900055e+03 4.999188454694880601e-17
7.050232616424565094e+03 4.737336159985094160e-17
7.054311697006230133e+03 4.366914093772007689e-17
7.058390777587895172e+03 4.187155504391168990e-17
7.062469858169560212e+03 3.144164793512036480e-17
7.066548938751225251e+03 4.443483225225836270e-17
7.070628019332890290e+03 4.586987150102965808e-17
7.074707099914555329e+03 4.838553619331777860e-17
7.078786180496220368e+03 5.043439970488507412e-17
7.082865261077886316e+03 4.368385482645617014e-17
7.086944341659551355e+03 4.379234783559862525e-17
7.091023422241216394e+03 4.462642051701544476e-17
7.095102502822881434e+03 4.414475324632581674e-17
7.099181583404546473e+03 4.407124666837190449e-17
7.103260663986211512e+03 3.995286990842553967e-17
7.107339744567876551e+03 3.814258182913078839e-17
7.111418825149541590e+03 4.748123587789520705e-17
7.115497905731206629e+03 4.800224716724030727e-17
7.119576986312871668e+03 5.268584967463395676e-17
7.123656066894536707e+03 4.126502651411840747e-17
7.127735147476201746e+03 4.054833407034531280e-17
7.131814228057866785e+03 5.065478708984880239e-17
7.135893308639531824e+03 4.979691807657005739e-17
7.139972389221196863e+03 5.018347612042833828e-17
7.144051469802861902e+03 5.411831473733898711e-17
7.148130550384526941e+03 4.916384035783627298e-17
7.152209630966191980e+03 4.572512812872267908e-17
7.156288711547857019e+03 4.589657289120286981e-17
7.160367792129522059e+03 4.814769529742918145e-17
7.164446872711187098e+03 5.002703641425985948e-17
7.168525953292852137e+03 4.997385531831760022e-17
7.172605033874517176e+03 4.134624241538131394e-17
7.176684114456182215e+03 3.869983024675061165e-17
7.180763195037847254e+03 4.679994676433938197e-17
7.184842275619512293e+03 4.347221901237325291e-17
7.188921356201177332e+03 3.078277872488717698e-17
7.193000436782842371e+03 4.490094852743199379e-17
7.197079517364507410e+03 4.288499356935450793e-17
7.201158597946172449e+03 4.541919041608626648e-17
7.205237678527837488e+03 4.754050171442340638e-17
7.209316759109502527e+03 4.490739061004255677e-17
7.213395839691167566e+03 4.776894914727585135e-17
7.217474920272832605e+03 4.809620495865898058e-17
7.221554000854497644e+03 4.652265266195445561e-17
7.225633081436162684e+03 4.386821684138198895e-17
7.229712162017827723e+03 4.388188517382381518e-17
7.233791242599492762e+03 4.654819930799254332e-17
7.237870323181157801e+03 4.136607158902543512e-17
7.241949403762822840e+03 5.214439048054654569e-17
7.246028484344487879e+03 4.860291594957426406e-17
7.250107564926152918e+03 5.343470951806801356e-17
7.254186645507817957e+03 5.038666145737341379e-17
7.258265726089482996e+03 4.412188666547240084e-17
7.262344806671148035e+03 4.639085301187270639e-17
7.266423887252813074e+03 4.879869636567576486e-17
7.270502967834478113e+03 5.169168776618607449e-17
7.274582048416143152e+03 5.246329176774288934e-17
7.278661128997808191e+03 5.599231226741257258e-17
7.282740209579473230e+03 5.683360127249330470e-17
7.286819290161138269e+03 3.973923231726024410e-17
7.290898370742803309e+03 5.004373222774362979e-17
7.294977451324468348e+03 4.004314178303467668e-17
7.299056531906133387e+03 4.581230634784086778e-17
7.303135612487798426e+03 4.805557384697037586e-17
7.307214693069463465e+03 4.370592400519908492e-17
7.311293773651128504e+03 4.826375535481527165e-17
7.315372854232793543e+03 4.415761094176734100e-17
7.319451934814458582e+03 4.093693028723292436e-17
7.323531015396123621e+03 4.878418761773158476e-17
7.327610095977788660e+03 5.349529222613139730e-17
7.331689176559453699e+03 4.589516999288397988e-17
7.335768257141118738e+03 1.097273280525067377e-17
7.339847337722783777e+03 -5.107649038357323632e-17
7.343926418304448816e+03 5.441421378606145617e-17
7.348005498886113855e+03 5.896242006206997587e-17
7.352084579467778894e+03 4.552645919792214311e-17
7.356163660049443934e+03 6.281212525033666710e-17
7.360242740631108973e+03 7.012377320803989144e-17
7.364321821212774012e+03 6.349288165957800802e-17
7.368400901794439051e+03 5.384566608127415856e-17
7.372479982376104090e+03 5.502463006473373784e-17
7.376559062957769129e+03 6.622969805171585581e-17
7.380638143539434168e+03 6.974593695656036967e-17
7.384717224121099207e+03 7.199525280032886550e-17
7.388796304702764246e+03 6.959075125620052126e-17
7.392875385284429285e+03 7.032356710447349953e-17
7.396954465866094324e+03 7.136842194958108155e-17
7.401033546447759363e+03 7.539426366876236427e-17
7.405112627029424402e+03 6.935544153298633637e-17
7.409191707611089441e+03 7.319987923511228991e-17
7.413270788192754480e+03 7.358015732376006822e-17
7.417349868774419519e+03 7.384630434021022998e-17
7.421428949356084559e+03 7.303444973004658480e-17
7.425508029937749598e+03 7.510903855866427948e-17
7.429587110519414637e+03 7.012030566691206915e-17
7.433666191101079676e+03 7.218647048817152380e-17
7.437745271682744715e+03 7.184192660198603629e-17
7.441824352264409754e+03 5.984680186834227052e-17
7.445903432846074793e+03 6.958894469374270544e-17
7.449982513427739832e+03 7.233454243526341618e-17
7.454061594009404871e+03 6.605953045610144696e-17
7.458140674591069910e+03 7.845258200394242243e-17
