3.338269287109369998e+03 2.841067619099130973e-17
3.342348367214197879e+03 -6.047342509675630366e-18
3.346427447319025759e+03 -1.367296299889530115e-17
3.350506527423853640e+03 1.187625391653622037e-17
3.354585607528681521e+03 4.416000314809884436e-17
3.358664687633509402e+03 2.800916272165807010e-17
3.362743767738337283e+03 5.013081449391076233e-17
3.366822847843165164e+03 6.711696506396473542e-17
3.370901927947993045e+03 4.251261340119538593e-17
3.374981008052820926e+03 1.897217317048561510e-17
3.379060088157648806e+03 8.077429931236645966e-17
3.383139168262476687e+03 3.522606541199947065e-17
3.387218248367304568e+03 6.497441507621968398e-17
3.391297328472132449e+03 3.631760633087954555e-17
3.395376408576960330e+03 3.924396950602269452e-17
3.399455488681788211e+03 8.764039801364657139e-18
3.403534568786616092e+03 5.211668654747091969e-17
3.407613648891443972e+03 1.893867070131599237e-17
3.411692728996271853e+03 8.411761114707308777e-17
3.415771809101099734e+03 4.889447726316450504e-17
3.419850889205927615e+03 6.279290819034583516e-17
3.423929969310755496e+03 2.027515965190772004e-17
3.428009049415583377e+03 3.093547957468691610e-17
3.432088129520411258e+03 2.763725239208687822e-17
3.436167209625239138e+03 3.162566915163381176e-17
3.440246289730067474e+03 3.929679987738523130e-17
3.444325369834895355e+03 6.527828152860226381e-17
3.448404449939723236e+03 7.057324330056650541e-17
3.452483530044551117e+03 1.993223538536161135e-17
3.456562610149378997e+03 2.479577945448759626e-17
3.460641690254206878e+03 7.392356300942268276e-17
3.464720770359034759e+03 6.056459611669128581e-17
3.468799850463862640e+03 4.714272048401400600e-17
3.472878930568690521e+03 3.391300883380014516e-17
3.476958010673518402e+03 3.684114879289905804e-17
3.481037090778346283e+03 5.818440706512710016e-17
3.485116170883174163e+03 1.913623617317938261e-17
3.489195250988002044e+03 4.115485929141614503e-17
3.493274331092829925e+03 4.435037711171669857e-17
3.497353411197657806e+03 5.560294842691651182e-17
3.501432491302485687e+03 3.448838574172468057e-17
3.505511571407313568e+03 4.797312710095599049e-17
3.509590651512141449e+03 2.703276699840660176e-17
3.513669731616969329e+03 6.181295724482161391e-17
3.517748811721797210e+03 4.340559126839333164e-17
3.521827891826625091e+03 5.009815740332716880e-17
3.525906971931452972e+03 2.271516213356561512e-17
3.529986052036280853e+03 4.102271553419957375e-17
3.534065132141108734e+03 6.431925494385318394e-17
3.538144212245936615e+03 1.914232256812654779e-17
3.542223292350764495e+03 3.456106844778849001e-17
3.546302372455592376e+03 2.643286583968109418e-17
3.550381452560420257e+03 2.721293520762677672e-17
3.554460532665248138e+03 5.975275474141744148e-17
3.558539612770076019e+03 3.000811415506391593e-17
3.562618692874903900e+03 5.293885775423432622e-17
3.566697772979731781e+03 1.243453134683805960e-17
3.570776853084559662e+03 5.752781756466210849e-17
3.574855933189387542e+03 3.734799544143480021e-17
3.578935013294215423e+03 7.802571379447320740e-18
3.583014093399043304e+03 3.861019033812946514e-17
3.587093173503871185e+03 3.771897932871993270e-17
3.591172253608699066e+03 2.747780505721115661e-17
3.595251333713526947e+03 4.118247719770806552e-17
3.599330413818354828e+03 4.058710237129444811e-17
3.603409493923182708e+03 2.696731881398018111e-17
3.607488574028010589e+03 7.037902129273905451e-17
3.611567654132838470e+03 4.356747382299240936e-17
3.615646734237666351e+03 3.317516703612529469e-17
3.619725814342494232e+03 4.747460519810498198e-17
3.623804894447322113e+03 5.175210834684939784e-17
3.627883974552149994e+03 3.329696772696250290e-17
3.631963054656977874e+03 4.680901266385296315e-17
3.636042134761805755e+03 2.598627764440861497e-17
3.640121214866633636e+03 3.752966746500859658e-17
3.644200294971461517e+03 4.520738585715838843e-17
3.648279375076289398e+03 5.310068075182930013e-17
3.652358455181117279e+03 3.366684650094926455e-17
3.656437535285945160e+03 4.165090296115194466e-17
3.660516615390773040e+03 5.305176790784781450e-17
3.664595695495600921e+03 3.605217399847862960e-17
3.668674775600429257e+03 2.246781031499388325e-17
3.672753855705257138e+03 3.770194602554624076e-17
3.676832935810085019e+03 4.427051116921347864e-17
3.680912015914912899e+03 2.969940373301422558e-17
3.684991096019740780e+03 5.323549464806319258e-17
3.689070176124568661e+03 4.478807807848790806e-17
3.693149256229396542e+03 5.531414989657219795e-17
3.697228336334224423e+03 3.448984819704767433e-17
3.701307416439052304e+03 4.623211374360133017e-17
3.705386496543880185e+03 4.142430179542671805e-17
3.709465576648708065e+03 5.202443605683655583e-17
3.713544656753535946e+03 4.087803171889669857e-17
3.717623736858363827e+03 4.765645258396863958e-17
3.721702816963191708e+03 2.828078567376333290e-17
3.725781897068019589e+03 5.550419960538993138e-17
3.729860977172847470e+03 4.372527341408792535e-17
3.733940057277675351e+03 4.200488663248788733e-17
3.738019137382503231e+03 4.529374682183137473e-17
3.742098217487331112e+03 4.718638900291190544e-17
3.746177297592158993e+03 5.111507670478760996e-17
3.750256377696986874e+03 5.421830432978439710e-17
3.754335457801814755e+03 3.949298726634810819e-17
3.758414537906642636e+03 4.215620112758098757e-17
3.762493618011470517e+03 3.767410974357260627e-17
3.766572698116298398e+03 4.188720199237874297e-17
3.770651778221126278e+03 4.375741434396928579e-17
3.774730858325954159e+03 3.617054354413496787e-17
3.778809938430782040e+03 4.341818095731638872e-17
3.782889018535609921e+03 4.073635553230106621e-17
3.786968098640437802e+03 4.509524663587579957e-17
3.791047178745265683e+03 4.738076652069451631e-17
3.795126258850093564e+03 4.742434570408626002e-17
3.799205338954921444e+03 4.945477301416097366e-17
3.803284419059749325e+03 5.218414478078584420e-17
3.807363499164577206e+03 4.686316321547313456e-17
3.811442579269405087e+03 6.359596821623681655e-17
3.815521659374232968e+03 1.047611871176445757e-16
3.819600739479060849e+03 1.357232787469985478e-16
3.823679819583888730e+03 1.138816342295399559e-16
3.827758899688716610e+03 8.675663493847246641e-17
3.831837979793544491e+03 4.375787425638986527e-17
3.835917059898372372e+03 4.993485540679695007e-17
3.839996140003200253e+03 3.870908474344385492e-17
3.844075220108028134e+03 4.042379044859687875e-17
3.848154300212856469e+03 4.024370330307673398e-17
3.852233380317684350e+03 5.025124868237603295e-17
3.856312460422512231e+03 4.994109565733805011e-17
3.860391540527340112e+03 4.806489782683507359e-17
3.864470620632167993e+03 4.352789488504297209e-17
3.868549700736995874e+03 4.160476282658373678e-17
3.872628780841823755e+03 5.987199448107818553e-17
3.876707860946651635e+03 5.777000943057273457e-17
3.880786941051479516e+03 4.277419107194180476e-17
3.884866021156307397e+03 5.632003460866118172e-17
3.888945101261135278e+03 4.730077815546063853e-17
3.893024181365963159e+03 4.569844989960661883e-17
3.897103261470791040e+03 3.840367311767702604e-17
3.901182341575618921e+03 5.442268411553399918e-17
3.905261421680446801e+03 5.382065213955055500e-17
3.909340501785274682e+03 6.421742570172545603e-17
3.913419581890102563e+03 5.119012845612577127e-17
3.917498661994930444e+03 5.944552662702544616e-17
3.921577742099758325e+03 5.446471481681904362e-17
3.925656822204586206e+03 5.247225840558296416e-17
3.929735902309414087e+03 4.802514683531822529e-17
3.933814982414241967e+03 3.773219767490853009e-17
3.937894062519069848e+03 4.047635612216339855e-17
3.941973142623897729e+03 4.713892537936361271e-17
3.946052222728725610e+03 6.294739905899113903e-17
3.950131302833553491e+03 5.321441808605534144e-17
3.954210382938381372e+03 5.833787222981283828e-17
3.958289463043209253e+03 6.874314920868478443e-17
3.962368543148037134e+03 6.547425715932832712e-17
3.966447623252865014e+03 6.620672228302158292e-17
3.970526703357692895e+03 6.178196775035292728e-17
3.974605783462520776e+03 5.864407464024526785e-17
3.978684863567348657e+03 5.599595847955270633e-17
3.982763943672176538e+03 4.331633517157640974e-17
3.986843023777004419e+03 4.604747379598969354e-17
3.990922103881832300e+03 4.443573553348727060e-17
3.995001183986660180e+03 4.840183826882997367e-17
3.999080264091488061e+03 5.195955200958789634e-17
4.003159344196315942e+03 6.291292217105992884e-17
4.007238424301143823e+03 6.986828689532431310e-17
4.011317504405971704e+03 6.900827052117538044e-17
4.015396584510799585e+03 6.110973461014333275e-17
4.019475664615627466e+03 6.456930171686061357e-17
4.023554744720455346e+03 6.504175419552640086e-17
4.027633824825283227e+03 6.152029412665545229e-17
4.031712904930111108e+03 5.700161158107017526e-17
4.035791985034938989e+03 5.071588595861441923e-17
4.039871065139766870e+03 4.970540873976454104e-17
4.043950145244594751e+03 6.006321216892084383e-17
4.048029225349422632e+03 6.814955778367183135e-17
4.052108305454250512e+03 7.010468849694706799e-17
4.056187385559078393e+03 6.943064217683475722e-17
4.060266465663906274e+03 6.328585489586823626e-17
4.064345545768734155e+03 4.666245280292081771e-17
4.068424625873562036e+03 5.342447563952950750e-17
4.072503705978389917e+03 3.821922176724505151e-17
4.076582786083217798e+03 4.823316621576306069e-17
4.080661866188045678e+03 5.788979180071531340e-17
4.084740946292873559e+03 6.532851455284138407e-17
4.088820026397701440e+03 7.019847092607588005e-17
4.092899106502529321e+03 7.537632377563731421e-17
4.096978186607357202e+03 7.788078182498656631e-17
4.101057266712185083e+03 7.370456528788804358e-17
4.105136346817012964e+03 7.707629243099709329e-17
4.109215426921840844e+03 7.378832228799271295e-17
4.113294507026668725e+03 7.619566933342823960e-17
4.117373587131496606e+03 6.616296773733997797e-17
4.121452667236324487e+03 7.444134498565637597e-17
4.125531747341152368e+03 7.601069189612668134e-17
4.129610827445980249e+03 7.798304781847772223e-17
4.133689907550808130e+03 7.331155523525184907e-17
4.137768987655636010e+03 7.443187542200386891e-17
4.141848067760463891e+03 6.821066326988234861e-17
4.145927147865291772e+03 6.771780259114365303e-17
4.150006227970119653e+03 6.370696261955163201e-17
4.154085308074947534e+03 7.281378441239703871e-17
4.158164388179775415e+03 6.264988535371296646e-17
4.162243468284603296e+03 6.983945468789316477e-17
4.166322548389431176e+03 6.739841823046957840e-17
4.170401628494259057e+03 6.960933965892581289e-17
4.174480708599086938e+03 7.121641262277343676e-17
4.178559788703914819e+03 6.995278504925782998e-17
4.182638868808742700e+03 6.805285706134193220e-17
4.186717948913570581e+03 7.123294961757959689e-17
4.190797029018398462e+03 6.232248064981957768e-17
4.194876109123226342e+03 6.770544782151456100e-17
4.198955189228054223e+03 5.781907116706447975e-17
4.203034269332883014e+03 5.925663166234283676e-17
4.207113349437710895e+03 5.776310743554159211e-17
4.211192429542538775e+03 7.805484047820242461e-17
4.215271509647366656e+03 6.128989454755738218e-17
4.219350589752194537e+03 6.319285332523767425e-17
4.223429669857022418e+03 6.431644914721540407e-17
4.227508749961850299e+03 7.272795615203853656e-17
4.231587830066678180e+03 5.594287333656150323e-17
4.235666910171506061e+03 6.655147130999898358e-17
4.239745990276333941e+03 6.959793780136238196e-17
4.243825070381161822e+03 6.864110159087534252e-17
4.247904150485989703e+03 7.520353567184233736e-17
4.251983230590817584e+03 7.440946213612613207e-17
4.256062310695645465e+03 6.698165816808576136e-17
4.260141390800473346e+03 7.457261524014609125e-17
4.264220470905301227e+03 7.067673352136423981e-17
4.268299551010129107e+03 7.494328479879845358e-17
4.272378631114956988e+03 7.118769291190559564e-17
4.276457711219784869e+03 7.655313708950425562e-17
4.280536791324612750e+03 6.512473033713282017e-17
4.284615871429440631e+03 7.347194886474833135e-17
4.288694951534268512e+03 7.404688571258698855e-17
4.292774031639096393e+03 6.918020497457820256e-17
4.296853111743924273e+03 6.920020289306728456e-17
4.300932191848752154e+03 6.735901134608755217e-17
4.305011271953580035e+03 7.389040961047155741e-17
4.309090352058407916e+03 7.603900132541069616e-17
4.313169432163235797e+03 7.262728496276838288e-17
4.317248512268063678e+03 6.483613694758041945e-17
4.321327592372891559e+03 7.071336769633298830e-17
4.325406672477719439e+03 6.647733607477953103e-17
4.329485752582547320e+03 6.787659479897423264e-17
4.333564832687375201e+03 6.962883465160246265e-17
4.337643912792203082e+03 6.682318359761040211e-17
4.341722992897030963e+03 7.078684780450729885e-17
4.345802073001858844e+03 6.872923272205919230e-17
4.349881153106686725e+03 6.194279151376793713e-17
4.353960233211514606e+03 6.626549842862715085e-17
4.358039313316342486e+03 6.331501135809950538e-17
4.362118393421170367e+03 7.419732670495323280e-17
4.366197473525998248e+03 6.066655109027212179e-17
4.370276553630826129e+03 6.014960952954078247e-17
4.374355633735654010e+03 6.977701909525766224e-17
4.378434713840481891e+03 7.153753737145632295e-17
4.382513793945309772e+03 6.256301815450509771e-17
4.386592874050137652e+03 6.448227569897513464e-17
4.390671954154965533e+03 6.891500425274880146e-17
4.394751034259793414e+03 6.068673429721841567e-17
4.398830114364621295e+03 6.530990629778139116e-17
4.402909194469449176e+03 7.230213019014113834e-17
4.406988274574277057e+03 6.543060849276512896e-17
4.411067354679104938e+03 6.069237236027357710e-17
4.415146434783932818e+03 6.482198223293841204e-17
4.419225514888760699e+03 6.583237342500458471e-17
4.423304594993588580e+03 5.899800206329955691e-17
4.427383675098416461e+03 6.352385130171199338e-17
4.431462755203244342e+03 6.398382327929558059e-17
4.435541835308072223e+03 6.104044996203589115e-17
4.439620915412900104e+03 6.673461571506312433e-17
4.443699995517727984e+03 6.341064667180043623e-17
4.447779075622555865e+03 6.151671408896432279e-17
4.451858155727383746e+03 6.007671175651770924e-17
4.455937235832211627e+03 6.180057600541292019e-17
4.460016315937039508e+03 6.686370883018060004e-17
4.464095396041867389e+03 6.093245987870586828e-17
4.468174476146695270e+03 6.796455387659067139e-17
4.472253556251523150e+03 7.017681202891679158e-17
4.476332636356351031e+03 7.796701374948399434e-17
4.480411716461178912e+03 7.338527357144257490e-17
4.484490796566006793e+03 6.668131881383510765e-17
4.488569876670834674e+03 6.563161338161551468e-17
4.492648956775662555e+03 6.456223428570696051e-17
4.496728036880490436e+03 6.580045748824983869e-17
4.500807116985318316e+03 6.661328486281384623e-17
4.504886197090146197e+03 6.564365051388938634e-17
4.508965277194974078e+03 7.151932616309035549e-17
4.513044357299801959e+03 6.568855649498366511e-17
4.517123437404629840e+03 6.375947204483649821e-17
4.521202517509457721e+03 6.796311789104727934e-17
4.525281597614285602e+03 7.657403498049979531e-17
4.529360677719113482e+03 7.208944551104150386e-17
4.533439757823941363e+03 6.664525373912779565e-17
4.537518837928769244e+03 7.157501196192742532e-17
4.541597918033598035e+03 6.778389763080909015e-17
4.545676998138425915e+03 7.161895841351114257e-17
4.549756078243253796e+03 7.227681846339701569e-17
4.553835158348081677e+03 6.703819761731498591e-17
4.557914238452909558e+03 6.459831921274897379e-17
4.561993318557737439e+03 6.921612446549770523e-17
4.566072398662565320e+03 7.279687022323155440e-17
4.570151478767393201e+03 6.623508465186480113e-17
4.574230558872221081e+03 6.978468209645235349e-17
4.578309638977048962e+03 6.487858785661664083e-17
4.582388719081876843e+03 6.815301870735475322e-17
4.586467799186704724e+03 6.642633542693196155e-17
4.590546879291532605e+03 7.325796716644821373e-17
4.594625959396360486e+03 6.595299621064951742e-17
4.598705039501188367e+03 7.237555074131134508e-17
4.602784119606016247e+03 7.414398348161091315e-17
4.606863199710844128e+03 7.103024404538980214e-17
4.610942279815672009e+03 6.195779326135719884e-17
4.615021359920499890e+03 7.293038379154251349e-17
4.619100440025327771e+03 6.831116902302999169e-17
4.623179520130155652e+03 6.891806151229279745e-17
4.627258600234983533e+03 6.971048730422879712e-17
4.631337680339811413e+03 6.796276054902265643e-17
4.635416760444639294e+03 6.742222117977640433e-17
4.639495840549467175e+03 6.853874957060048108e-17
4.643574920654295056e+03 7.397310781939215891e-17
4.647654000759122937e+03 7.401884759854389113e-17
4.651733080863950818e+03 6.717904993202051546e-17
4.655812160968778699e+03 7.621702382812190857e-17
4.659891241073606579e+03 7.498760844474149502e-17
4.663970321178434460e+03 6.567925898489856908e-17
4.668049401283262341e+03 8.003515718676867583e-17
4.672128481388090222e+03 7.479699956182967575e-17
4.676207561492918103e+03 7.571103413870077133e-17
4.680286641597745984e+03 7.441099738334303049e-17
4.684365721702573865e+03 7.722134020576949180e-17
4.688444801807401745e+03 8.337964030922267902e-17
4.692523881912229626e+03 8.052882519378522317e-17
4.696602962017057507e+03 7.110718507724703456e-17
4.700682042121885388e+03 7.581327366241232555e-17
4.704761122226713269e+03 7.360200150937636857e-17
4.708840202331541150e+03 7.371907072710977347e-17
4.712919282436369031e+03 7.354798330665420565e-17
4.716998362541196911e+03 7.183466064748537049e-17
4.721077442646024792e+03 7.419903400573754225e-17
4.725156522750852673e+03 7.916482421601998181e-17
4.729235602855680554e+03 7.553774310909336224e-17
4.733314682960508435e+03 7.527352838655412435e-17
4.737393763065336316e+03 7.111294225431040363e-17
4.741472843170164197e+03 7.004202791118495103e-17
4.745551923274992077e+03 7.714913726446096312e-17
4.749631003379819958e+03 7.773488701726691350e-17
4.753710083484647839e+03 7.262132264491310066e-17
4.757789163589475720e+03 7.118528416196184122e-17
4.761868243694303601e+03 7.372096993379619522e-17
4.765947323799131482e+03 7.224659659253677827e-17
4.770026403903959363e+03 6.992820785889765443e-17
4.774105484008787244e+03 7.318528115166195408e-17
4.778184564113615124e+03 6.753837719011355069e-17
4.782263644218443005e+03 7.272912082234101122e-17
4.786342724323270886e+03 7.133755818656550298e-17
4.790421804428098767e+03 6.981317019674867976e-17
4.794500884532926648e+03 7.148003839271653689e-17
4.798579964637754529e+03 7.403537797590515083e-17
4.802659044742582410e+03 7.285548755015951216e-17
4.806738124847410290e+03 6.888760803086104519e-17
4.810817204952238171e+03 7.360779839110914019e-17
4.814896285057066052e+03 7.183588487479194897e-17
4.818975365161893933e+03 6.876751464080814642e-17
4.823054445266721814e+03 7.031308507175122757e-17
4.827133525371549695e+03 6.849078632996220633e-17
4.831212605476377576e+03 7.033885340219347949e-17
4.835291685581205456e+03 6.854876176473482293e-17
4.839370765686033337e+03 6.965709114132727408e-17
4.843449845790861218e+03 7.048763341588971726e-17
4.847528925895689099e+03 6.316775997417526560e-17
4.851608006000516980e+03 6.392484199289809950e-17
4.855687086105344861e+03 6.792559036101697358e-17
4.859766166210172742e+03 6.497906713998468221e-17
4.863845246315000622e+03 6.475510633477472486e-17
4.867924326419828503e+03 6.384970090605378247e-17
4.872003406524656384e+03 6.600575709884059974e-17
4.876082486629484265e+03 6.713997391988351044e-17
4.880161566734312146e+03 5.250383023520288812e-17
4.884240646839140027e+03 6.279401330364420600e-17
4.888319726943967908e+03 6.427495776768974421e-17
4.892398807048795788e+03 6.143921719173545473e-17
4.896477887153623669e+03 6.030837526759176039e-17
4.900556967258451550e+03 6.581105201753541787e-17
4.904636047363279431e+03 6.461863476859327615e-17
4.908715127468107312e+03 6.157352485343446473e-17
4.912794207572935193e+03 6.483147164892562038e-17
4.916873287677763074e+03 6.720103308397972473e-17
4.920952367782590954e+03 6.672999673852262822e-17
4.925031447887418835e+03 6.500359800823055480e-17
4.929110527992246716e+03 6.189163866468765790e-17
4.933189608097074597e+03 6.503708889687160179e-17
4.937268688201902478e+03 6.361079129281376680e-17
4.941347768306730359e+03 6.291281629194152205e-17
4.945426848411558240e+03 6.728975978520461269e-17
4.949505928516386120e+03 5.745110152593149049e-17
4.953585008621214001e+03 5.462822526286362571e-17
4.957664088726041882e+03 6.640588752218965071e-17
4.961743168830869763e+03 6.562788776013657585e-17
4.965822248935697644e+03 5.806498865445404466e-17
4.969901329040525525e+03 6.071588414200478436e-17
4.973980409145353406e+03 5.971733155886547063e-17
4.978059489250181286e+03 7.389861524214808345e-17
4.982138569355009167e+03 7.191727282962226647e-17
4.986217649459837048e+03 7.529997831382111997e-17
4.990296729564664929e+03 6.641985694837444624e-17
4.994375809669492810e+03 6.537255364865370726e-17
4.998454889774320691e+03 6.785494913670494501e-17
5.002533969879148572e+03 6.245459793725654726e-17
5.006613049983976452e+03 6.575897272616907925e-17
5.010692130088804333e+03 6.586305851700785183e-17
5.014771210193632214e+03 6.775307357246291413e-17
5.018850290298460095e+03 5.959381033235415211e-17
5.022929370403287976e+03 7.085313475007484828e-17
5.027008450508115857e+03 7.373307324051907113e-17
5.031087530612943738e+03 6.204462737334056547e-17
5.035166610717771619e+03 6.903106761885734188e-17
5.039245690822599499e+03 7.596417125847669907e-17
5.043324770927427380e+03 6.095145194557008580e-17
5.047403851032255261e+03 7.193023640418219752e-17
5.051482931137083142e+03 7.000142326927594801e-17
5.055562011241911023e+03 6.407047210282173534e-17
5.059641091346738904e+03 6.939713805330390939e-17
5.063720171451567694e+03 7.935596911196873544e-17
5.067799251556395575e+03 6.695398401351218727e-17
5.071878331661223456e+03 6.337370809436626822e-17
5.075957411766051337e+03 7.108437474467527227e-17
5.080036491870879217e+03 8.072615740071587345e-17
5.084115571975707098e+03 8.438445299523779407e-17
5.088194652080534979e+03 8.380536700944657088e-17
5.092273732185362860e+03 7.650375771565729008e-17
5.096352812290190741e+03 6.783671807600427628e-17
5.100431892395018622e+03 6.098614059173810957e-17
5.104510972499846503e+03 6.337453527497882125e-17
5.108590052604674383e+03 6.435581632692802777e-17
5.112669132709502264e+03 6.430412746481081417e-17
5.116748212814330145e+03 7.107591765009253011e-17
5.120827292919158026e+03 7.393483251808810521e-17
5.124906373023985907e+03 8.723577103648768216e-17
5.128985453128813788e+03 1.083292935556186146e-16
5.133064533233641669e+03 1.227843343169868770e-16
5.137143613338469549e+03 1.226615542443044060e-16
5.141222693443297430e+03 9.578644290756673603e-17
5.145301773548125311e+03 6.975930419525922660e-17
5.149380853652953192e+03 6.884796953590750410e-17
5.153459933757781073e+03 6.744382051993138899e-17
5.157539013862608954e+03 6.103914632539050758e-17
5.161618093967436835e+03 6.307101954717596391e-17
5.165697174072264716e+03 7.030466768183788796e-17
5.169776254177092596e+03 6.480654373398572234e-17
5.173855334281920477e+03 6.206235550822880196e-17
5.177934414386748358e+03 6.763793003119553267e-17
5.182013494491576239e+03 6.295610099903519688e-17
5.186092574596404120e+03 6.385768816204859450e-17
5.190171654701232001e+03 6.246999673153983443e-17
5.194250734806059882e+03 6.609739547582167436e-17
5.198329814910887762e+03 6.171189562630233520e-17
5.202408895015715643e+03 6.514400033668285551e-17
5.206487975120543524e+03 5.767075437451127167e-17
5.210567055225371405e+03 6.175502813216330027e-17
5.214646135330199286e+03 6.288602887498460480e-17
5.218725215435027167e+03 6.423958090725207632e-17
5.222804295539855048e+03 6.684380355592012398e-17
5.226883375644682928e+03 6.744433006318872165e-17
5.230962455749510809e+03 6.723410045614714456e-17
5.235041535854338690e+03 6.467340736003408743e-17
5.239120615959166571e+03 6.512599426910880120e-17
5.243199696063994452e+03 5.969898800160149469e-17
5.247278776168822333e+03 6.147959684051784333e-17
5.251357856273650214e+03 5.979042785523555658e-17
5.255436936378478094e+03 6.187575679692663977e-17
5.259516016483305975e+03 6.153454810297096607e-17
5.263595096588133856e+03 5.843263404078691313e-17
5.267674176692961737e+03 5.748031754516686343e-17
5.271753256797789618e+03 6.296485587863845813e-17
5.275832336902617499e+03 6.704394817693345456e-17
5.279911417007445380e+03 7.079989740585093541e-17
5.283990497112273260e+03 6.760111718521447273e-17
5.288069577217101141e+03 6.526611866487528409e-17
5.292148657321929022e+03 6.312078273282715406e-17
5.296227737426756903e+03 6.067386998433199098e-17
5.300306817531584784e+03 6.497626796079180277e-17
5.304385897636412665e+03 6.024276330140405423e-17
5.308464977741240546e+03 5.804393856222579522e-17
5.312544057846068426e+03 6.409484415238999775e-17
5.316623137950896307e+03 6.348136730545126988e-17
5.320702218055724188e+03 6.762069820467482800e-17
5.324781298160552069e+03 6.183948658142741461e-17
5.328860378265379950e+03 6.352132343776003133e-17
5.332939458370207831e+03 6.369229836165229194e-17
5.337018538475035712e+03 6.353905157264826782e-17
5.341097618579863592e+03 6.808464064919866974e-17
5.345176698684691473e+03 7.239088336114562800e-17
5.349255778789519354e+03 6.399433839924235467e-17
5.353334858894347235e+03 6.199962213057278035e-17
5.357413938999175116e+03 7.278479338628828020e-17
5.361493019104002997e+03 7.219622460195474910e-17
5.365572099208830878e+03 7.448755460339603830e-17
5.369651179313658758e+03 6.827966998530397239e-17
5.373730259418486639e+03 6.852764549805756924e-17
5.377809339523315430e+03 6.576141456333733579e-17
5.381888419628143311e+03 6.216124660482074153e-17
5.385967499732971191e+03 6.871573975190722731e-17
5.390046579837799072e+03 6.993299227156066114e-17
5.394125659942626953e+03 6.667186910251730186e-17
5.398204740047454834e+03 6.469143989738774343e-17
5.402283820152282715e+03 6.574510917910269051e-17
5.406362900257110596e+03 6.461952812365483341e-17
5.410441980361938477e+03 6.823083985938374206e-17
5.414521060466766357e+03 6.260675284785200139e-17
5.418600140571594238e+03 6.736787872225412062e-17
5.422679220676422119e+03 6.982870133992997541e-17
5.426758300781250000e+03 6.087935488337996390e-17
5.430837380886077881e+03 6.972663386978583222e-17
5.434916460990905762e+03 5.905601720274157606e-17
5.438995541095733643e+03 6.782127295960668615e-17
5.443074621200561523e+03 6.316624457929306846e-17
5.447153701305389404e+03 6.080415423953154305e-17
5.451232781410217285e+03 7.026326232909593360e-17
5.455311861515045166e+03 6.509817453074741777e-17
5.459390941619873047e+03 6.659928234940454858e-17
5.463470021724700928e+03 6.634207550101485994e-17
5.467549101829528809e+03 6.405677399187785720e-17
5.471628181934356689e+03 6.430969935341697137e-17
5.475707262039184570e+03 6.538692673897742867e-17
5.479786342144012451e+03 6.676530742451129187e-17
5.483865422248840332e+03 6.718171014487048600e-17
5.487944502353668213e+03 6.358019884503910563e-17
5.492023582458496094e+03 6.336074451980633717e-17
5.496102662563323975e+03 7.176408559762234617e-17
5.500181742668151855e+03 6.387290166787466979e-17
5.504260822772979736e+03 6.392474934866949356e-17
5.508339902877807617e+03 6.590742186762029581e-17
5.512418982982635498e+03 6.574587680271113972e-17
5.516498063087463379e+03 7.345282444898610535e-17
5.520577143192291260e+03 6.618298550816376124e-17
5.524656223297119141e+03 6.933570831229327134e-17
5.528735303401947021e+03 6.860862978874896086e-17
5.532814383506774902e+03 6.687253650167776595e-17
5.536893463611602783e+03 6.079952864554614652e-17
5.540972543716430664e+03 6.130108464688399953e-17
5.545051623821258545e+03 6.134174884579710637e-17
5.549130703926086426e+03 6.381061165902697659e-17
5.553209784030914307e+03 6.248773810131787176e-17
5.557288864135742188e+03 5.877696616873558707e-17
5.561367944240570068e+03 6.288901334263469613e-17
5.565447024345397949e+03 6.245811180049867252e-17
5.569526104450225830e+03 6.214340597336919783e-17
5.573605184555053711e+03 6.115476632269071957e-17
5.577684264659881592e+03 6.366670870222235147e-17
5.581763344764709473e+03 7.037275457241835277e-17
5.585842424869537354e+03 6.858847305158226868e-17
5.589921504974365234e+03 6.143191153256538639e-17
5.594000585079193115e+03 6.519721782857206709e-17
5.598079665184020996e+03 6.519949422961781303e-17
5.602158745288848877e+03 5.509927153448807284e-17
5.606237825393676758e+03 6.800568129664680793e-17
5.610316905498504639e+03 6.527637570447094163e-17
5.614395985603332520e+03 5.687791168354654528e-17
5.618475065708160400e+03 6.374936720647355042e-17
5.622554145812988281e+03 5.921408810907800944e-17
5.626633225917816162e+03 6.426779769230748520e-17
5.630712306022644043e+03 6.560674502367972046e-17
5.634791386127471924e+03 5.739806270505459036e-17
5.638870466232299805e+03 5.587016085199564188e-17
5.642949546337127686e+03 5.708106724198956888e-17
5.647028626441955566e+03 5.227307000535774489e-17
5.651107706546783447e+03 6.058110002427294382e-17
5.655186786651611328e+03 6.098881403947788095e-17
5.659265866756439209e+03 5.235782623964237831e-17
5.663344946861267090e+03 5.943085575168120566e-17
5.667424026966094971e+03 5.881540690616215137e-17
5.671503107070922852e+03 6.530417559049762379e-17
5.675582187175750732e+03 6.369738055933581774e-17
5.679661267280578613e+03 7.942508170650876601e-17
5.683740347385406494e+03 5.785238338469321528e-17
5.687819427490234375e+03 5.633708114672467452e-17
5.691898507595062256e+03 6.246339252152921105e-17
5.695977587699890137e+03 6.431520506757412432e-17
5.700056667804718018e+03 5.006412388420428702e-17
5.704135747909545898e+03 5.672456563286901480e-17
5.708214828014373779e+03 6.277360510357129770e-17
5.712293908119201660e+03 6.079621330565103399e-17
5.716372988224029541e+03 5.228024000690735453e-17
5.720452068328857422e+03 5.370702730188782090e-17
5.724531148433685303e+03 5.401342492694481299e-17
5.728610228538513184e+03 5.271816596680517844e-17
5.732689308643341064e+03 5.406142125480758987e-17
5.736768388748168945e+03 5.312229994431898607e-17
5.740847468852996826e+03 4.751381025041754528e-17
5.744926548957824707e+03 5.176644504122616692e-17
5.749005629062652588e+03 4.746467903075434565e-17
5.753084709167480469e+03 5.721921963917572535e-17
5.757163789272308350e+03 4.802301601806028869e-17
5.761242869377136230e+03 5.381984150255025303e-17
5.765321949481964111e+03 5.430520130749431776e-17
5.769401029586791992e+03 4.864937372149769231e-17
5.773480109691619873e+03 5.350648563418046488e-17
5.777559189796447754e+03 5.753025940183036503e-17
5.781638269901275635e+03 4.670634631494533157e-17
5.785717350006103516e+03 4.267905537533085594e-17
5.789796430110931396e+03 5.311671151210057781e-17
5.793875510215759277e+03 5.326623598834811331e-17
5.797954590320587158e+03 4.393775626111809688e-17
5.802033670425415039e+03 5.289391206847064491e-17
5.806112750530242920e+03 5.441930590991233261e-17
5.810191830635070801e+03 4.528040936163456971e-17
5.814270910739898682e+03 4.882427279021590448e-17
5.818349990844726562e+03 4.843689087446752077e-17
5.822429070949554443e+03 5.281211714077895132e-17
5.826508151054382324e+03 4.745156987240660526e-17
5.830587231159210205e+03 4.492446361788565126e-17
5.834666311264038086e+03 4.755408732880397730e-17
5.838745391368865967e+03 5.013515884648789083e-17
5.842824471473693848e+03 4.436864787708676985e-17
5.846903551578521729e+03 4.389140767703552564e-17
5.850982631683349609e+03 4.827556418524007868e-17
5.855061711788177490e+03 5.162541736423077612e-17
5.859140791893005371e+03 4.686206471961966414e-17
5.863219871997833252e+03 4.452766838676641410e-17
5.867298952102661133e+03 4.551583158141206181e-17
5.871378032207489014e+03 4.956673356443125106e-17
5.875457112312316895e+03 5.073503022671134650e-17
5.879536192417144775e+03 4.523041125668941450e-17
5.883615272521972656e+03 4.671686143489210566e-17
5.887694352626800537e+03 5.128581340066345529e-17
5.891773432731628418e+03 5.269502476198839494e-17
5.895852512836456299e+03 4.558373649225776496e-17
5.899931592941284180e+03 5.113798960775532882e-17
5.904010673046112061e+03 4.472229075001034066e-17
5.908089753150939941e+03 4.663477864834724362e-17
5.912168833255767822e+03 4.492656465664153595e-17
5.916247913360595703e+03 4.484255619363065046e-17
5.920326993465423584e+03 4.733945050345871768e-17
5.924406073570251465e+03 3.911917773009049456e-17
5.928485153675079346e+03 4.730952310889654914e-17
5.932564233779907227e+03 4.909221313423408120e-17
5.936643313884735107e+03 4.298593607386557900e-17
5.940722393989562988e+03 5.401477157698204932e-17
5.944801474094390869e+03 4.729319125488230216e-17
5.948880554199218750e+03 4.550658370216371896e-17
5.952959634304047540e+03 4.443216211324104152e-17
5.957038714408875421e+03 4.747547870083183798e-17
5.961117794513703302e+03 3.813563351198534295e-17
5.965196874618531183e+03 4.806301516376090290e-17
5.969275954723359064e+03 4.883101265784698655e-17
5.973355034828186945e+03 5.960318063433315281e-17
5.977434114933014826e+03 6.047094603646048223e-17
5.981513195037842706e+03 4.870277981056656599e-17
5.985592275142670587e+03 4.285206847225244721e-17
5.989671355247498468e+03 4.812530517260859609e-17
5.993750435352326349e+03 5.163993603834230687e-17
5.997829515457154230e+03 5.148198755473653134e-17
6.001908595561982111e+03 4.935757929218599291e-17
6.005987675666809992e+03 5.077741496129856364e-17
6.010066755771637872e+03 5.064600243174348924e-17
6.014145835876465753e+03 4.718300087112288824e-17
6.018224915981293634e+03 5.389166724949945753e-17
6.022303996086121515e+03 4.833066103148101074e-17
6.026383076190949396e+03 5.057853758098366430e-17
6.030462156295777277e+03 5.918570588790008995e-17
6.034541236400605158e+03 4.386609595029140299e-17
6.038620316505433038e+03 5.131237251577130791e-17
6.042699396610260919e+03 5.350177732213381304e-17
6.046778476715088800e+03 4.476117485624523339e-17
6.050857556819916681e+03 4.378478740479989058e-17
6.054936636924744562e+03 4.642053556097355924e-17
6.059015717029572443e+03 4.675371398554256815e-17
6.063094797134400324e+03 4.985037048775323404e-17
6.067173877239228204e+03 5.651808149964107782e-17
6.071252957344056085e+03 5.461507639984648278e-17
6.075332037448883966e+03 4.738976955448154346e-17
6.079411117553711847e+03 5.213224416043181703e-17
6.083490197658539728e+03 4.838815008405344617e-17
6.087569277763367609e+03 5.528396442165891286e-17
6.091648357868195490e+03 4.725003227924173539e-17
6.095727437973023370e+03 4.925920766501873664e-17
6.099806518077851251e+03 4.964419737443561700e-17
6.103885598182679132e+03 4.896657763407707715e-17
6.107964678287507013e+03 5.421066448964685733e-17
6.112043758392334894e+03 5.035883510156712994e-17
6.116122838497162775e+03 4.754392955088182612e-17
6.120201918601990656e+03 5.426228386859261647e-17
6.124280998706818536e+03 4.891308220950204774e-17
6.128360078811646417e+03 4.833599469207075267e-17
6.132439158916474298e+03 5.035349151481003738e-17
6.136518239021302179e+03 4.781264413595335248e-17
6.140597319126130060e+03 4.546068510433437656e-17
6.144676399230957941e+03 5.389888357316337014e-17
6.148755479335785822e+03 5.089715100932683950e-17
6.152834559440613702e+03 5.232502687399342566e-17
6.156913639545441583e+03 4.589325424258530706e-17
6.160992719650270374e+03 4.407688473142706593e-17
6.165071799755098255e+03 5.019995024950794438e-17
6.169150879859926135e+03 4.317725302338174366e-17
6.173229959964754016e+03 4.139789157282912498e-17
6.177309040069581897e+03 4.840608005101114560e-17
6.181388120174409778e+03 4.558005057544822867e-17
6.185467200279237659e+03 3.980646886617100440e-17
6.189546280384065540e+03 4.930626100698320307e-17
6.193625360488893421e+03 5.229072865707452692e-17
6.197704440593721301e+03 4.466014301622800659e-17
6.201783520698549182e+03 4.944428105527135105e-17
6.205862600803377063e+03 5.055907236680906645e-17
6.209941680908204944e+03 4.810382494646181907e-17
6.214020761013032825e+03 4.365478439100860654e-17
6.218099841117860706e+03 4.201409480706682763e-17
6.222178921222688587e+03 4.438598558272588131e-17
6.226258001327516467e+03 4.183158898543557782e-17
6.230337081432344348e+03 4.901669816175289020e-17
6.234416161537172229e+03 5.653680225126437794e-17
6.238495241642000110e+03 5.007722311638467677e-17
6.242574321746827991e+03 4.621384297823125889e-17
6.246653401851655872e+03 4.373873660573783843e-17
6.250732481956483753e+03 4.395242382773988717e-17
6.254811562061311633e+03 5.715516277253961889e-17
6.258890642166139514e+03 5.553159913600013787e-17
6.262969722270967395e+03 5.501108746374501967e-17
6.267048802375795276e+03 5.380214645488651866e-17
6.271127882480623157e+03 4.980379360182159815e-17
6.275206962585451038e+03 4.593261149613058012e-17
6.279286042690278919e+03 4.531158745328291843e-17
6.283365122795106799e+03 4.424474614749367694e-17
6.287444202899934680e+03 4.424642697849838469e-17
6.291523283004762561e+03 4.740504923475662299e-17
6.295602363109590442e+03 5.310179910001747183e-17
6.299681443214418323e+03 5.439487099461751617e-17
6.303760523319246204e+03 5.279268501382885560e-17
6.307839603424074085e+03 5.356315743230769791e-17
6.311918683528901965e+03 4.081153632381478579e-17
6.315997763633729846e+03 3.662005334133098438e-17
6.320076843738557727e+03 4.791245836610890122e-17
6.324155923843385608e+03 5.004379178474773360e-17
6.328235003948213489e+03 5.291159388124457843e-17
6.332314084053041370e+03 4.953292172971253350e-17
6.336393164157869251e+03 4.489175027902040413e-17
6.340472244262697131e+03 4.529272442659425918e-17
6.344551324367525012e+03 4.899942332184033277e-17
6.348630404472352893e+03 5.016004705675838633e-17
6.352709484577180774e+03 4.679955302636780673e-17
6.356788564682008655e+03 4.734620029725715039e-17
6.360867644786836536e+03 4.799403160939643060e-17
6.364946724891664417e+03 4.958612598671194424e-17
6.369025804996492298e+03 5.982839875407419076e-17
6.373104885101320178e+03 4.992329803927835917e-17
6.377183965206148059e+03 5.542137897373867203e-17
6.381263045310975940e+03 5.096768304579801106e-17
6.385342125415803821e+03 4.783583828032933938e-17
6.389421205520631702e+03 5.822912114031926663e-17
6.393500285625459583e+03 5.601104625392567355e-17
6.397579365730287464e+03 5.481725257644424359e-17
6.401658445835115344e+03 5.332903223173068895e-17
6.405737525939943225e+03 4.856019041657467508e-17
6.409816606044771106e+03 5.353285615210865540e-17
6.413895686149598987e+03 5.495907434682768529e-17
6.417974766254426868e+03 5.282882288043007227e-17
6.422053846359254749e+03 5.633919211164790984e-17
6.426132926464082630e+03 5.544560213079667490e-17
6.430212006568910510e+03 5.760100650526080038e-17
6.434291086673738391e+03 5.645049753487304525e-17
6.438370166778566272e+03 6.508244486421910940e-17
6.442449246883394153e+03 6.684971293421620281e-17
6.446528326988222034e+03 6.322674126057274669e-17
6.450607407093049915e+03 6.177748112271043966e-17
6.454686487197877796e+03 6.469007670373825604e-17
6.458765567302705676e+03 6.473760319301310280e-17
6.462844647407533557e+03 5.974711667836228005e-17
6.466923727512361438e+03 5.776012958533640121e-17
6.471002807617189319e+03 5.783717649631204042e-17
6.475081887722017200e+03 5.583027751158078510e-17
6.479160967826845081e+03 6.105519362927403632e-17
6.483240047931672962e+03 5.522903301154049140e-17
6.487319128036500842e+03 5.820717107558455949e-17
6.491398208141328723e+03 5.721627487619503657e-17
6.495477288246156604e+03 5.437142207861286295e-17
6.499556368350984485e+03 5.524065324478563634e-17
6.503635448455812366e+03 5.511481260383671913e-17
6.507714528560640247e+03 5.138426774589196686e-17
6.511793608665468128e+03 5.084740105856545020e-17
6.515872688770296008e+03 3.585118896196294515e-17
6.519951768875123889e+03 3.368264895937147759e-17
6.524030848979951770e+03 4.088199225966960247e-17
6.528109929084779651e+03 4.403032438910768110e-17
6.532189009189607532e+03 4.365034739420287210e-17
6.536268089294435413e+03 4.183991703984276170e-17
6.540347169399263294e+03 4.805368787517375496e-17
6.544426249504091174e+03 4.596766079304567701e-17
6.548505329608919055e+03 3.995169862067816458e-17
6.552584409713746936e+03 4.354206614329723057e-17
6.556663489818574817e+03 4.044382807175536329e-17
6.560742569923402698e+03 4.285131077481134864e-17
6.564821650028230579e+03 4.645382792626759350e-17
6.568900730133058460e+03 3.883384674087400298e-17
6.572979810237886340e+03 4.153783398886084621e-17
6.577058890342714221e+03 5.234098484237079867e-17
6.581137970447542102e+03 4.306212602572661327e-17
6.585217050552369983e+03 3.954741244193164720e-17
6.589296130657197864e+03 4.585986592434021666e-17
6.593375210762025745e+03 5.067012632712798574e-17
6.597454290866853626e+03 5.008459164128129914e-17
6.601533370971681506e+03 5.120269498399167686e-17
6.605612451076509387e+03 5.491498892890105913e-17
6.609691531181337268e+03 5.220112845312278296e-17
6.613770611286165149e+03 5.477183374337018195e-17
6.617849691390993030e+03 5.635416077201266943e-17
6.621928771495820911e+03 5.857829723793505109e-17
6.626007851600648792e+03 6.451413869617067726e-17
6.630086931705476673e+03 6.929964985503085976e-17
6.634166011810304553e+03 7.429938755765247557e-17
6.638245091915132434e+03 7.890561889927036505e-17
6.642324172019960315e+03 8.204303555334519393e-17
6.646403252124788196e+03 8.865308215037074105e-17
6.650482332229616077e+03 1.037954173565419635e-16
6.654561412334443958e+03 9.614343420760992150e-17
6.658640492439271839e+03 1.005474761377402493e-16
6.662719572544099719e+03 9.686751502861433980e-17
6.666798652648927600e+03 1.065237634192072683e-16
6.670877732753755481e+03 1.088832928077923296e-16
6.674956812858583362e+03 9.853821472517954256e-17
6.679035892963411243e+03 9.656540219913037240e-17
6.683114973068239124e+03 1.007369269677944944e-16
6.687194053173067005e+03 9.874534736800772111e-17
6.691273133277894885e+03 9.417937656116401259e-17
6.695352213382722766e+03 9.269401826136989143e-17
6.699431293487550647e+03 8.886257060358347063e-17
6.703510373592378528e+03 9.452881073913091360e-17
6.707589453697206409e+03 9.427413175469318701e-17
6.711668533802034290e+03 9.518876851905022120e-17
6.715747613906862171e+03 9.250966286388897304e-17
6.719826694011690051e+03 1.083607727410099326e-16
6.723905774116517932e+03 1.380439504991283180e-16
6.727984854221345813e+03 1.483206042014707186e-16
6.732063934326173694e+03 1.430250336245756379e-16
6.736143014431001575e+03 1.239273258699677503e-16
6.740222094535829456e+03 9.838240036755415384e-17
6.744301174640657337e+03 9.767882039085124977e-17
6.748380254745485217e+03 1.002879928883048148e-16
6.752459334850313098e+03 1.013773434329228492e-16
6.756538414955140979e+03 1.052193856199948492e-16
6.760617495059968860e+03 9.165962559664988011e-17
6.764696575164796741e+03 9.311165182648056446e-17
6.768775655269624622e+03 9.346370651262803347e-17
6.772854735374452503e+03 8.833764840430221969e-17
6.776933815479280383e+03 8.981405991859096731e-17
6.781012895584108264e+03 8.843716154071479913e-17
6.785091975688937055e+03 8.368467143190773351e-17
6.789171055793764936e+03 7.997865082476395340e-17
6.793250135898592816e+03 7.730770447916492831e-17
6.797329216003420697e+03 7.768624217980389505e-17
6.801408296108248578e+03 7.715075192101666663e-17
6.805487376213076459e+03 8.044203740391615951e-17
6.809566456317904340e+03 7.956125548766969564e-17
6.813645536422732221e+03 8.404319136172291697e-17
6.817724616527560102e+03 7.779908285024592887e-17
6.821803696632387982e+03 6.980599688647661991e-17
6.825882776737215863e+03 6.364232341776428822e-17
6.829961856842043744e+03 5.767203154137705355e-17
6.834040936946871625e+03 6.169287708965851599e-17
6.838120017051699506e+03 6.144607948209719465e-17
6.842199097156527387e+03 5.957587705667400247e-17
6.846278177261355268e+03 5.597375695191178307e-17
6.850357257366183148e+03 6.427649301490664263e-17
6.854436337471011029e+03 5.932471193547840115e-17
6.858515417575838910e+03 5.867203334494956019e-17
6.862594497680666791e+03 5.587874367803149210e-17
6.866673577785494672e+03 5.194257164597340778e-17
6.870752657890322553e+03 4.771817680127734651e-17
6.874831737995150434e+03 4.518029403773605166e-17
6.878910818099978314e+03 4.382358217552862758e-17
6.882989898204806195e+03 4.799457093115581518e-17
6.887068978309634076e+03 5.515916933700426268e-17
6.891148058414461957e+03 5.604735617409430126e-17
6.895227138519289838e+03 5.259926702555680624e-17
6.899306218624117719e+03 5.290335185362110006e-17
6.903385298728945600e+03 5.318524508021182126e-17
6.907464378833773480e+03 4.553694453936686529e-17
6.911543458938601361e+03 3.839249625324020953e-17
6.915622539043429242e+03 4.250303795842447208e-17
6.919701619148257123e+03 4.708024187798665072e-17
6.923780699253085004e+03 4.820782471051688613e-17
6.927859779357912885e+03 4.516208613809253442e-17
6.931938859462740766e+03 5.019680696318024288e-17
6.936017939567568646e+03 6.020705556872136513e-17
6.940097019672396527e+03 6.369507107106556969e-17
6.944176099777224408e+03 6.294003384281696687e-17
6.948255179882052289e+03 3.807165274596559137e-17
6.952334259986880170e+03 3.810583515759873269e-17
6.956413340091708051e+03 3.733504510176467001e-17
6.960492420196535932e+03 3.928137461332234244e-17
6.964571500301363812e+03 4.240495749883283448e-17
6.968650580406191693e+03 4.474828407357920701e-17
6.972729660511019574e+03 4.478319771287384520e-17
6.976808740615847455e+03 4.627190443978758101e-17
6.980887820720675336e+03 4.531748359668919641e-17
6.984966900825503217e+03 4.504139056055369704e-17
6.989045980930331098e+03 3.963510682175206898e-17
6.993125061035159888e+03 4.377332599023235583e-17
6.997204141139987769e+03 4.480953514357753360e-17
7.001283221244815650e+03 3.832809197074683080e-17
7.005362301349643531e+03 4.279282910550384958e-17
7.009441381454471411e+03 4.026911760021681321e-17
7.013520461559299292e+03 3.927163373442891798e-17
7.017599541664127173e+03 4.260815276194526062e-17
7.021678621768955054e+03 3.538135037403282543e-17
7.025757701873782935e+03 3.844489979940666894e-17
7.029836781978610816e+03 3.810806192780772544e-17
7.033915862083438697e+03 4.057570051373101717e-17
7.037994942188266577e+03 3.884561917535185767e-17
7.042074022293094458e+03 4.123862621768816504e-17
7.046153102397922339e+03 3.932465932041601727e-17
7.050232182502750220e+03 3.577967423492406059e-17
7.054311262607578101e+03 4.209128068438537575e-17
7.058390342712405982e+03 4.281046790488593034e-17
7.062469422817233863e+03 3.967637320815111442e-17
7.066548502922061743e+03 4.003895294041270815e-17
7.070627583026889624e+03 3.676273868827393144e-17
7.074706663131717505e+03 3.246078738934489829e-17
7.078785743236545386e+03 3.739561457493825291e-17
7.082864823341373267e+03 4.249184785909785472e-17
7.086943903446201148e+03 3.966998406509975484e-17
7.091022983551029029e+03 4.168288507235569493e-17
7.095102063655856909e+03 4.352511886690724413e-17
7.099181143760684790e+03 3.810561347319456847e-17
7.103260223865512671e+03 3.596741445547154596e-17
7.107339303970340552e+03 3.735853041371627558e-17
7.111418384075168433e+03 3.944515637460784192e-17
7.115497464179996314e+03 4.081318075887254121e-17
7.119576544284824195e+03 3.892071724880432195e-17
7.123655624389652075e+03 4.668054489727857753e-17
7.127734704494479956e+03 3.368252322791836953e-17
7.131813784599307837e+03 4.276650821841241224e-17
7.135892864704135718e+03 4.198186454167931146e-17
7.139971944808963599e+03 3.770034791260278831e-17
7.144051024913791480e+03 4.403647199542017521e-17
7.148130105018619361e+03 4.385145154472676419e-17
7.152209185123447241e+03 2.931614117671635595e-17
7.156288265228275122e+03 3.587576284360067050e-17
7.160367345333103003e+03 4.656519290649683272e-17
7.164446425437930884e+03 4.077063720560771389e-17
7.168525505542758765e+03 4.356765249400472082e-17
7.172604585647586646e+03 3.274314714580109939e-17
7.176683665752414527e+03 3.217757067377409225e-17
7.180762745857242408e+03 3.724527946169041545e-17
7.184841825962070288e+03 3.788680765756204159e-17
7.188920906066898169e+03 3.466703028425653285e-17
7.192999986171726050e+03 3.373896672419653792e-17
7.197079066276553931e+03 3.399108806618025055e-17
7.201158146381381812e+03 3.691087350109237785e-17
7.205237226486209693e+03 3.931484234090623794e-17
7.209316306591037574e+03 3.953553081961293551e-17
7.213395386695865454e+03 3.654512070400103071e-17
7.217474466800693335e+03 3.736316262514657253e-17
7.221553546905521216e+03 4.234462294495321664e-17
7.225632627010349097e+03 4.705638929784307161e-17
7.229711707115176978e+03 4.086056828180447905e-17
7.233790787220004859e+03 4.346532694350946108e-17
7.237869867324832740e+03 3.585035516390549170e-17
7.241948947429660620e+03 4.991757725816194243e-17
7.246028027534488501e+03 5.078997487171956881e-17
7.250107107639316382e+03 4.336190620588318114e-17
7.254186187744144263e+03 4.001340629437462044e-17
7.258265267848972144e+03 4.212652519592503515e-17
7.262344347953800025e+03 4.147714209295660546e-17
7.266423428058627906e+03 3.628223608788677809e-17
7.270502508163455786e+03 3.238131849353570381e-17
7.274581588268283667e+03 3.676009832775866217e-17
7.278660668373111548e+03 4.222989299399211170e-17
7.282739748477939429e+03 3.797309583034112323e-17
7.286818828582767310e+03 4.321805949736020962e-17
7.290897908687595191e+03 3.707434755119000760e-17
7.294976988792423072e+03 3.163992312794932553e-17
7.299056068897250952e+03 3.876869468710687631e-17
7.303135149002078833e+03 4.252734383354373024e-17
7.307214229106906714e+03 4.446832314089940968e-17
7.311293309211734595e+03 4.042035599469355857e-17
7.315372389316562476e+03 3.805810683625442299e-17
7.319451469421390357e+03 3.878341519328786999e-17
7.323530549526218238e+03 4.567209592529067937e-17
7.327609629631046118e+03 4.588645812667257139e-17
7.331688709735873999e+03 3.528702531442217858e-17
7.335767789840701880e+03 4.145089399775907279e-17
7.339846869945529761e+03 4.840893547848567865e-17
7.343925950050357642e+03 5.592001006443053754e-17
7.348005030155185523e+03 4.983044866988050692e-17
7.352084110260013404e+03 4.663875242400994836e-17
7.356163190364841284e+03 5.220408314227082238e-17
7.360242270469669165e+03 5.113548159613806804e-17
7.364321350574497046e+03 5.629408098976171793e-17
7.368400430679324927e+03 5.330829646813520966e-17
7.372479510784152808e+03 4.602236059259258362e-17
7.376558590888980689e+03 4.730964884034965720e-17
7.380637670993808570e+03 5.170495574321142505e-17
7.384716751098636450e+03 5.635920988247169311e-17
7.388795831203464331e+03 5.969602338628610463e-17
7.392874911308292212e+03 5.426241621749062496e-17
7.396953991413120093e+03 6.100183717104191582e-17
7.401033071517947974e+03 5.616493493508503882e-17
7.405112151622775855e+03 5.572149333486271132e-17
7.409191231727603736e+03 5.621397681924208273e-17
7.413270311832431616e+03 5.399287114308409536e-17
7.417349391937259497e+03 5.230198823957259873e-17
7.421428472042087378e+03 6.213930977497583523e-17
7.425507552146915259e+03 6.193236903804976898e-17
7.429586632251743140e+03 5.974711006091737962e-17
7.433665712356571021e+03 5.784149768783201744e-17
7.437744792461398902e+03 6.084253541995400354e-17
7.441823872566226783e+03 6.113852049546017811e-17
7.445902952671054663e+03 5.504336405124683881e-17
7.449982032775882544e+03 4.723475259896665586e-17
7.454061112880710425e+03 4.793983142693950602e-17
7.458140192985538306e+03 5.828049898252616028e-17
