3.338269287109369998e+03 -8.923200518158129130e-19
3.342348367691035037e+03 2.565410341710324543e-17
3.346427448272700076e+03 5.409115012602274568e-17
3.350506528854365115e+03 -8.422046940188283165e-18
3.354585609436030154e+03 4.245357255779380102e-17
3.358664690017695193e+03 6.943573099196318345e-17
3.362743770599360232e+03 2.229642800464994028e-18
3.366822851181025271e+03 5.057857397693061663e-17
3.370901931762690310e+03 5.770353719654797327e-17
3.374981012344355349e+03 3.425631194906680313e-17
3.379060092926020388e+03 3.061135381474168753e-17
3.383139173507685427e+03 2.567463238554558647e-17
3.387218254089350467e+03 -1.408838302868678228e-17
3.391297334671015506e+03 1.313210185639076592e-17
3.395376415252680545e+03 4.237964577208871183e-17
3.399455495834345584e+03 4.021898714637364952e-17
3.403534576416010623e+03 4.507533143544797288e-17
3.407613656997675662e+03 1.599883420156042654e-18
3.411692737579340701e+03 2.470967822452695161e-17
3.415771818161005740e+03 2.218447448541486958e-17
3.419850898742670779e+03 4.198598059240737533e-17
3.423929979324336273e+03 3.733236172785754799e-17
3.428009059906001312e+03 1.832417807658504939e-17
3.432088140487666351e+03 3.266474365862087322e-17
3.436167221069331390e+03 6.508739471300462672e-17
3.440246301650996429e+03 4.157239028613086149e-17
3.444325382232661468e+03 2.238853994253170150e-17
3.448404462814326507e+03 9.981149218772119295e-18
3.452483543395991546e+03 1.754310120265327726e-17
3.456562623977656585e+03 3.830966569542159955e-17
3.460641704559321624e+03 2.723853479322406782e-17
3.464720785140986663e+03 3.643676996992393472e-17
3.468799865722651703e+03 4.227915325383086961e-17
3.472878946304316742e+03 7.699888817799683117e-17
3.476958026885981781e+03 2.479608385695301578e-17
3.481037107467646820e+03 5.567097576049287282e-17
3.485116188049311859e+03 3.822851596860769733e-17
3.489195268630976898e+03 4.622992006061683954e-17
3.493274349212641937e+03 4.378179301098244862e-17
3.497353429794306976e+03 1.200137325599099134e-17
3.501432510375972015e+03 4.487298651400525125e-17
3.505511590957637054e+03 2.140399483588536074e-17
3.509590671539302093e+03 2.399818212936191507e-17
3.513669752120967132e+03 3.002975650861075335e-17
3.517748832702632171e+03 3.077297498026719850e-17
3.521827913284297210e+03 2.468646422781626344e-17
3.525906993865962249e+03 1.518287036490877106e-17
3.529986074447627288e+03 3.214608156221542359e-17
3.534065155029292328e+03 3.703377599650550670e-17
3.538144235610957367e+03 -2.538481642304783238e-18
3.542223316192622406e+03 2.323087781262915086e-17
3.546302396774287445e+03 1.260817310102519117e-17
3.550381477355952484e+03 3.630336228073138241e-17
3.554460557937617523e+03 4.458323838031772650e-17
3.558539638519282562e+03 3.593534631748409019e-17
3.562618719100947601e+03 4.534818523230471458e-17
3.566697799682612640e+03 4.018032141582047079e-17
3.570776880264277679e+03 3.595305129131517519e-17
3.574855960845942718e+03 2.729169603683162580e-17
3.578935041427607757e+03 4.691261538121400477e-17
3.583014122009272796e+03 4.402071585911226514e-17
3.587093202590937835e+03 3.033491667147136610e-17
3.591172283172602874e+03 4.754011128517428135e-17
3.595251363754267913e+03 2.678001782633796139e-18
3.599330444335932953e+03 1.479562906986452137e-17
3.603409524917597992e+03 3.130165588825189040e-17
3.607488605499263031e+03 4.930834550212683670e-17
3.611567686080928524e+03 4.552298834807187060e-17
3.615646766662593564e+03 2.974177523271164187e-17
3.619725847244258603e+03 5.343513965198654113e-17
3.623804927825923642e+03 2.248019486312502718e-17
3.627884008407588681e+03 -2.566920318559509467e-18
3.631963088989253720e+03 1.029891726852926530e-17
3.636042169570918759e+03 2.109563017533171755e-17
3.640121250152583798e+03 2.723947612476115317e-17
3.644200330734248837e+03 3.604385256151634615e-17
3.648279411315913876e+03 4.136397055026955042e-17
3.652358491897578915e+03 2.528425442161853570e-17
3.656437572479243954e+03 2.980850885580996993e-17
3.660516653060908993e+03 5.008389019212185417e-17
3.664595733642574032e+03 4.278159930150782968e-17
3.668674814224239071e+03 3.645374702481597306e-17
3.672753894805904110e+03 1.904475826923714328e-17
3.676832975387569149e+03 2.829653188390389234e-17
3.680912055969234189e+03 2.355726012128542409e-17
3.684991136550899228e+03 4.619815632509480328e-17
3.689070217132564267e+03 3.850159475859105346e-17
3.693149297714229306e+03 3.167071079034854922e-17
3.697228378295894345e+03 3.266251027096698004e-17
3.701307458877559384e+03 2.725524880468131430e-17
3.705386539459224423e+03 3.339709628575082180e-17
3.709465620040889462e+03 3.791587809300960520e-17
3.713544700622554501e+03 2.424130870936472607e-17
3.717623781204219540e+03 2.179117822828673172e-17
3.721702861785884579e+03 3.745630316212004345e-17
3.725781942367549618e+03 3.998745929292005707e-17
3.729861022949214657e+03 3.790327516919674727e-17
3.733940103530879696e+03 4.760244430741382730e-17
3.738019184112544735e+03 2.219017375983535994e-17
3.742098264694209774e+03 3.267798847458907230e-17
3.746177345275874814e+03 3.849778972777330953e-17
3.750256425857539853e+03 2.089678091915764501e-17
3.754335506439204892e+03 2.474736953631854287e-17
3.758414587020869931e+03 2.078712489407394035e-17
3.762493667602535425e+03 3.225295660607972498e-17
3.766572748184200464e+03 3.031093835987467894e-17
3.770651828765865503e+03 2.748020057226511017e-17
3.774730909347530542e+03 2.937034135917328053e-17
3.778809989929195581e+03 2.732756755127560040e-17
3.782889070510860620e+03 4.178659036011269311e-17
3.786968151092525659e+03 2.942082584631861692e-17
3.791047231674190698e+03 4.219878438551521744e-17
3.795126312255855737e+03 4.083586205126874522e-17
3.799205392837520776e+03 3.366225399418837014e-17
3.803284473419185815e+03 3.579101984420583792e-17
3.807363554000850854e+03 3.025000823595402292e-17
3.811442634582515893e+03 3.904532042755685982e-17
3.815521715164180932e+03 8.853445121564083604e-17
3.819600795745845971e+03 1.176522940384710798e-16
3.823679876327511010e+03 1.043626647334063278e-16
3.827758956909176050e+03 6.834507681069976540e-17
3.831838037490841089e+03 3.392770287020153714e-17
3.835917118072506128e+03 2.959387533918716052e-17
3.839996198654171167e+03 2.471721218554608459e-17
3.844075279235836206e+03 4.305610084214477702e-17
3.848154359817501245e+03 3.536700044476625551e-17
3.852233440399166284e+03 3.528085454705253299e-17
3.856312520980831323e+03 3.565241746076645260e-17
3.860391601562496362e+03 4.437628771722430961e-17
3.864470682144161401e+03 2.725333967182754191e-17
3.868549762725826440e+03 2.720929892165399361e-17
3.872628843307491479e+03 3.829171256740674864e-17
3.876707923889156518e+03 4.073503535204343157e-17
3.880787004470821557e+03 3.988142466455810956e-17
3.884866085052486596e+03 4.704947406792212830e-17
3.888945165634151635e+03 3.256571690440847495e-17
3.893024246215816675e+03 3.433637641491703578e-17
3.897103326797481714e+03 3.342997836946102975e-17
3.901182407379146753e+03 3.154351026447259484e-17
3.905261487960811792e+03 4.609356099099869803e-17
3.909340568542476831e+03 3.917211728929388833e-17
3.913419649124141870e+03 3.539467459933982960e-17
3.917498729705806909e+03 3.755507183598132516e-17
3.921577810287471948e+03 4.548119587480324143e-17
3.925656890869136987e+03 4.056770002284640429e-17
3.929735971450802026e+03 3.332711680592883566e-17
3.933815052032467065e+03 2.921859673016165271e-17
3.937894132614132104e+03 3.864226509356182135e-17
3.941973213195797143e+03 3.657423084411799686e-17
3.946052293777462182e+03 3.951051687788933195e-17
3.950131374359127221e+03 4.788235230053442123e-17
3.954210454940792260e+03 4.993920306809652879e-17
3.958289535522457300e+03 4.567033237622471632e-17
3.962368616104122339e+03 4.116646628977148911e-17
3.966447696685787378e+03 5.576559198767913833e-17
3.970526777267452871e+03 5.402962112333860127e-17
3.974605857849117911e+03 4.120143286862533070e-17
3.978684938430782950e+03 4.635033439674740888e-17
3.982764019012447989e+03 4.179586140041818745e-17
3.986843099594113028e+03 3.540441878695570427e-17
3.990922180175778067e+03 3.753480591097377598e-17
3.995001260757443106e+03 3.956520675126888793e-17
3.999080341339108145e+03 3.800011485786955532e-17
4.003159421920773184e+03 4.725810556202025294e-17
4.007238502502438223e+03 4.390708440400463062e-17
4.011317583084103262e+03 5.288546490005525339e-17
4.015396663665768301e+03 5.094170295711894557e-17
4.019475744247433340e+03 5.106832445656611283e-17
4.023554824829098379e+03 5.515527827940281324e-17
4.027633905410763418e+03 4.753643860325454590e-17
4.031712985992428457e+03 4.389577519066980562e-17
4.035792066574093496e+03 4.527257099815001722e-17
4.039871147155758536e+03 4.045545823116785886e-17
4.043950227737423575e+03 5.709283967646742357e-17
4.048029308319088614e+03 5.019968555171192741e-17
4.052108388900753653e+03 4.189256543147053681e-17
4.056187469482418692e+03 5.602867512714040368e-17
4.060266550064083731e+03 4.938440972253476291e-17
4.064345630645748770e+03 4.960675256246656654e-17
4.068424711227413809e+03 3.264860701923118875e-17
4.072503791809078848e+03 3.966563971252262634e-17
4.076582872390743887e+03 4.561186725052946832e-17
4.080661952972408926e+03 4.360856484710159357e-17
4.084741033554073965e+03 4.108061486835583548e-17
4.088820114135739004e+03 5.243903221473793415e-17
4.092899194717404043e+03 5.596017795497611256e-17
4.096978275299069537e+03 6.184583271108692144e-17
4.101057355880734576e+03 5.326011485181522090e-17
4.105136436462399615e+03 5.370890665623954138e-17
4.109215517044064654e+03 5.497260371292660261e-17
4.113294597625729693e+03 5.140884493625214242e-17
4.117373678207394732e+03 5.274436773988840815e-17
4.121452758789059772e+03 5.489468660794655762e-17
4.125531839370724811e+03 5.795484128408648350e-17
4.129610919952389850e+03 5.248100335901887477e-17
4.133690000534054889e+03 5.958250773646422754e-17
4.137769081115719928e+03 5.229154260279727910e-17
4.141848161697384967e+03 4.752067584950173541e-17
4.145927242279050006e+03 6.033268776015591897e-17
4.150006322860715045e+03 5.662717669626947154e-17
4.154085403442380084e+03 5.425755239548881316e-17
4.158164484024045123e+03 6.075455649000286351e-17
4.162243564605710162e+03 5.773394435586542256e-17
4.166322645187375201e+03 5.427203467365339156e-17
4.170401725769040240e+03 6.236466686105978209e-17
4.174480806350705279e+03 5.733245735631178463e-17
4.178559886932370318e+03 5.311250281714390801e-17
4.182638967514035357e+03 5.370958825306428508e-17
4.186718048095700397e+03 5.876060122749683797e-17
4.190797128677365436e+03 5.166085378167254783e-17
4.194876209259030475e+03 6.211538109421590125e-17
4.198955289840695514e+03 5.442288263888101190e-17
4.203034370422360553e+03 5.522542650406976020e-17
4.207113451004025592e+03 5.139767138053777612e-17
4.211192531585690631e+03 4.554270502515268457e-17
4.215271612167355670e+03 5.897260430977172875e-17
4.219350692749020709e+03 6.267493238266107214e-17
4.223429773330685748e+03 6.242445547573511493e-17
4.227508853912350787e+03 6.465737990848525996e-17
4.231587934494015826e+03 6.219336768236740070e-17
4.235667015075680865e+03 5.753014028782215739e-17
4.239746095657345904e+03 6.245302960281514672e-17
4.243825176239010943e+03 6.373801828846932288e-17
4.247904256820675982e+03 6.515968368109686091e-17
4.251983337402341022e+03 6.217119262450607913e-17
4.256062417984006061e+03 6.312084228983125787e-17
4.260141498565671100e+03 5.645694292620605844e-17
4.264220579147336139e+03 6.787447721660609689e-17
4.268299659729001178e+03 6.540480707509837492e-17
4.272378740310666217e+03 6.102384679278072678e-17
4.276457820892331256e+03 6.128883575637331430e-17
4.280536901473996295e+03 6.496797630233157122e-17
4.284615982055661334e+03 4.658278869248706072e-17
4.288695062637326373e+03 5.684397080865226945e-17
4.292774143218991412e+03 6.075129408966695437e-17
4.296853223800656451e+03 6.282917840584506032e-17
4.300932304382321490e+03 6.088554219436186055e-17
4.305011384963986529e+03 6.225091298322148973e-17
4.309090465545651568e+03 5.574081627397195005e-17
4.313169546127316607e+03 5.896549055650377271e-17
4.317248626708981647e+03 6.296009793575505311e-17
4.321327707290646686e+03 5.864017696519891799e-17
4.325406787872311725e+03 5.918708893388427861e-17
4.329485868453976764e+03 6.120034066571994119e-17
4.333564949035641803e+03 5.427695474393685697e-17
4.337644029617306842e+03 5.060307175795198710e-17
4.341723110198971881e+03 4.238554853293989024e-17
4.345802190780636920e+03 5.181100029774072320e-17
4.349881271362301959e+03 5.105760088710497538e-17
4.353960351943966998e+03 5.428210642479183723e-17
4.358039432525632037e+03 3.908497215740020176e-17
4.362118513107297986e+03 4.834576865818867924e-17
4.366197593688963025e+03 5.194863653422464658e-17
4.370276674270628064e+03 4.846050853531713482e-17
4.374355754852293103e+03 4.435789452912358049e-17
4.378434835433958142e+03 4.938978639651635759e-17
4.382513916015623181e+03 4.823370553752244526e-17
4.386592996597288220e+03 4.597732226260029637e-17
4.390672077178953259e+03 5.312190620634741082e-17
4.394751157760618298e+03 5.689677140151275432e-17
4.398830238342283337e+03 5.727331725123669336e-17
4.402909318923948376e+03 5.968433697859195546e-17
4.406988399505613415e+03 5.822737413486555463e-17
4.411067480087278454e+03 5.259648108125372765e-17
4.415146560668943494e+03 5.617938081730266490e-17
4.419225641250608533e+03 5.402757633286437019e-17
4.423304721832273572e+03 5.658998665592908741e-17
4.427383802413938611e+03 5.302781275730827882e-17
4.431462882995603650e+03 5.169387814044811491e-17
4.435541963577268689e+03 5.433567133253832109e-17
4.439621044158933728e+03 3.515632416019389978e-17
4.443700124740598767e+03 5.485257649732270808e-17
4.447779205322263806e+03 4.087736997440665615e-17
4.451858285903928845e+03 5.466268560718258484e-17
4.455937366485593884e+03 5.560488733827233612e-17
4.460016447067258923e+03 4.912063175135895302e-17
4.464095527648923962e+03 5.503281584407556260e-17
4.468174608230589001e+03 5.648704568305808822e-17
4.472253688812254040e+03 5.453913791089166462e-17
4.476332769393919079e+03 7.221118664487460826e-17
4.480411849975584119e+03 6.527326550536774225e-17
4.484490930557249158e+03 6.747057484966380411e-17
4.488570011138914197e+03 6.017730353644905783e-17
4.492649091720579236e+03 6.009013193477576956e-17
4.496728172302244275e+03 5.560560202232158193e-17
4.500807252883909314e+03 5.937340971250062299e-17
4.504886333465574353e+03 5.913236266455777030e-17
4.508965414047239392e+03 6.351988745221663927e-17
4.513044494628904431e+03 6.300599653358439551e-17
4.517123575210569470e+03 5.779006028862101996e-17
4.521202655792234509e+03 6.145972465348186939e-17
4.525281736373899548e+03 6.299763870067515972e-17
4.529360816955564587e+03 5.389723582938316451e-17
4.533439897537229626e+03 5.513818872794746769e-17
4.537518978118894665e+03 6.040576420419130365e-17
4.541598058700559704e+03 5.891589942441999360e-17
4.545677139282224744e+03 5.860710959303149815e-17
4.549756219863889783e+03 5.906240965451538586e-17
4.553835300445554822e+03 6.086258627800228893e-17
4.557914381027219861e+03 5.546105386463916545e-17
4.561993461608884900e+03 5.235302197464467033e-17
4.566072542190549939e+03 5.549233783540592096e-17
4.570151622772214978e+03 5.795177740709758708e-17
4.574230703353880017e+03 5.641427364148812306e-17
4.578309783935545056e+03 4.818611949124349469e-17
4.582388864517210095e+03 5.708092827564665997e-17
4.586467945098875134e+03 5.735824553908873782e-17
4.590547025680540173e+03 6.428689563829010950e-17
4.594626106262205212e+03 5.439098986318341737e-17
4.598705186843870251e+03 6.517764342655661225e-17
4.602784267425535290e+03 5.664694962163193911e-17
4.606863348007200329e+03 5.429490456322925767e-17
4.610942428588865369e+03 5.719676664862858597e-17
4.615021509170530408e+03 7.140769648506509930e-17
4.619100589752195447e+03 6.696171318915588276e-17
4.623179670333860486e+03 5.663790357445305920e-17
4.627258750915525525e+03 5.552487581198130686e-17
4.631337831497190564e+03 5.219494775958578674e-17
4.635416912078855603e+03 6.350174241829967606e-17
4.639495992660520642e+03 5.862225030696366877e-17
4.643575073242185681e+03 5.477167823341502198e-17
4.647654153823850720e+03 6.386188362211546346e-17
4.651733234405515759e+03 6.194083936752231199e-17
4.655812314987180798e+03 6.738980893465412649e-17
4.659891395568845837e+03 6.501871225238312372e-17
4.663970476150510876e+03 6.999667194383744342e-17
4.668049556732175915e+03 6.247984348955166567e-17
4.672128637313840954e+03 5.954523828678503833e-17
4.676207717895505994e+03 6.075585350920334666e-17
4.680286798477171033e+03 7.047154640733678597e-17
4.684365879058836072e+03 6.711423867666576064e-17
4.688444959640501111e+03 6.668900166736450017e-17
4.692524040222166150e+03 6.671948161857585414e-17
4.696603120803831189e+03 7.159487091407359840e-17
4.700682201385496228e+03 6.729333320545084177e-17
4.704761281967161267e+03 6.716055417352382977e-17
4.708840362548826306e+03 6.697056071298774995e-17
4.712919443130491345e+03 7.218015082829161867e-17
4.716998523712156384e+03 6.895259133978321104e-17
4.721077604293821423e+03 6.931291121461130990e-17
4.725156684875486462e+03 6.651517462472015673e-17
4.729235765457151501e+03 7.010745458891544531e-17
4.733314846038816540e+03 6.679338524322379184e-17
4.737393926620481579e+03 6.538310847326988390e-17
4.741473007202146619e+03 7.366405329020764650e-17
4.745552087783811658e+03 7.461115523924616191e-17
4.749631168365476697e+03 7.599676879205618878e-17
4.753710248947141736e+03 7.190284679973934167e-17
4.757789329528806775e+03 6.438892340376485015e-17
4.761868410110471814e+03 7.240595790062879437e-17
4.765947490692136853e+03 6.824742979374910559e-17
4.770026571273801892e+03 7.322544242476262868e-17
4.774105651855466931e+03 7.765777393184227005e-17
4.778184732437132880e+03 7.411621668280873312e-17
4.782263813018797919e+03 7.670776030704756798e-17
4.786342893600462958e+03 6.791834425885100905e-17
4.790421974182127997e+03 6.517209139028515633e-17
4.794501054763793036e+03 6.756783143736533890e-17
4.798580135345458075e+03 7.298691662332683762e-17
4.802659215927123114e+03 7.526704990799660904e-17
4.806738296508788153e+03 7.769417649623950369e-17
4.810817377090453192e+03 8.247985970866709721e-17
4.814896457672118231e+03 6.053669696899109730e-17
4.818975538253783270e+03 6.219269932043245785e-17
4.823054618835448309e+03 6.334778756269130655e-17
4.827133699417113348e+03 6.064631494376662452e-17
4.831212779998778387e+03 5.885980334399909747e-17
4.835291860580443426e+03 6.687920026869249314e-17
4.839370941162108466e+03 6.336033423822251087e-17
4.843450021743773505e+03 5.570189246306765478e-17
4.847529102325438544e+03 5.357688532175362795e-17
4.851608182907103583e+03 4.765098657448088918e-17
4.855687263488768622e+03 4.725009845369073963e-17
4.859766344070433661e+03 5.244244019886165262e-17
4.863845424652098700e+03 5.236176692808058094e-17
4.867924505233763739e+03 5.613833280658533345e-17
4.872003585815428778e+03 5.310715592166436524e-17
4.876082666397093817e+03 5.415791352762312565e-17
4.880161746978758856e+03 4.857447086266979055e-17
4.884240827560423895e+03 4.739425287340158087e-17
4.888319908142088934e+03 4.881142502094173085e-17
4.892398988723753973e+03 4.770339012064734859e-17
4.896478069305419012e+03 5.488319541487697096e-17
4.900557149887084051e+03 4.882733997592725111e-17
4.904636230468749091e+03 4.103351851299951629e-17
4.908715311050414130e+03 5.054306807631739047e-17
4.912794391632079169e+03 5.384353857273867217e-17
4.916873472213744208e+03 5.087900928413232650e-17
4.920952552795409247e+03 6.084601619597162668e-17
4.925031633377074286e+03 6.034731893083075693e-17
4.929110713958739325e+03 5.625619611770678926e-17
4.933189794540404364e+03 6.368111487977057500e-17
4.937268875122069403e+03 5.217785489940799098e-17
4.941347955703734442e+03 5.981843949949905231e-17
4.945427036285399481e+03 6.179728713529740935e-17
4.949506116867064520e+03 5.786615428753099808e-17
4.953585197448729559e+03 5.133523578790227359e-17
4.957664278030394598e+03 5.493064580353546284e-17
4.961743358612059637e+03 6.865292696491240060e-17
4.965822439193724676e+03 6.302570990194275927e-17
4.969901519775389716e+03 5.235255875350164063e-17
4.973980600357054755e+03 5.279987155899071630e-17
4.978059680938719794e+03 7.004979017405314865e-17
4.982138761520384833e+03 7.516858894532319705e-17
4.986217842102049872e+03 7.370000586835165129e-17
4.990296922683714911e+03 7.232507287161090911e-17
4.994376003265379950e+03 5.839921594403977081e-17
4.998455083847044989e+03 6.173557946160095349e-17
5.002534164428710028e+03 6.989456476902389769e-17
5.006613245010375067e+03 6.394045916286310066e-17
5.010692325592040106e+03 6.563852199409155757e-17
5.014771406173705145e+03 6.285229975832714255e-17
5.018850486755370184e+03 6.721677598539783395e-17
5.022929567337035223e+03 6.851024161796945354e-17
5.027008647918700262e+03 6.430297602939814036e-17
5.031087728500365301e+03 6.626422787920626940e-17
5.035166809082031250e+03 6.554187421132086182e-17
5.039245889663696289e+03 6.647378912431290364e-17
5.043324970245361328e+03 6.475187702166331784e-17
5.047404050827026367e+03 6.052143714105071904e-17
5.051483131408691406e+03 6.188280437574559156e-17
5.055562211990356445e+03 5.727144451432987331e-17
5.059641292572021484e+03 6.011229375774729028e-17
5.063720373153686523e+03 5.338924767160209916e-17
5.067799453735351562e+03 6.553875077732786159e-17
5.071878534317016602e+03 6.799995720680794098e-17
5.075957614898681641e+03 7.979914601439504597e-17
5.080036695480346680e+03 9.599161016925948859e-17
5.084115776062011719e+03 8.722022004097168524e-17
5.088194856643676758e+03 8.494558585301416635e-17
5.092273937225341797e+03 7.399233811427279170e-17
5.096353017807006836e+03 6.364728650143960638e-17
5.100432098388671875e+03 7.017137910665354329e-17
5.104511178970336914e+03 7.659648797104693469e-17
5.108590259552001953e+03 7.057785565966210109e-17
5.112669340133666992e+03 6.407552121328075902e-17
5.116748420715332031e+03 5.944137087162797975e-17
5.120827501296997070e+03 6.896855923432793469e-17
5.124906581878662109e+03 1.061782864732908210e-16
5.128985662460327148e+03 1.391455300819223364e-16
5.133064743041992188e+03 1.526680934474820210e-16
5.137143823623657227e+03 1.368562382535103779e-16
5.141222904205322266e+03 9.358310507096638769e-17
5.145301984786987305e+03 6.676866246907580695e-17
5.149381065368652344e+03 6.959593933300245385e-17
5.153460145950317383e+03 6.857967184986470447e-17
5.157539226531982422e+03 6.593210493709887815e-17
5.161618307113647461e+03 6.482413290253104992e-17
5.165697387695312500e+03 6.175610677568206942e-17
5.169776468276977539e+03 6.826144554204820409e-17
5.173855548858642578e+03 5.854512398664922447e-17
5.177934629440307617e+03 6.576351229337077027e-17
5.182013710021972656e+03 6.204553396329192359e-17
5.186092790603637695e+03 6.340670267463978339e-17
5.190171871185302734e+03 6.047901270179409936e-17
5.194250951766967773e+03 6.477088894086223663e-17
5.198330032348632812e+03 6.324350324850552124e-17
5.202409112930297852e+03 5.429462663054343986e-17
5.206488193511962891e+03 5.124584734218734321e-17
5.210567274093627930e+03 5.511298949776665226e-17
5.214646354675292969e+03 6.588486961539965006e-17
5.218725435256958008e+03 6.086066060153626548e-17
5.222804515838623047e+03 5.305340572546066950e-17
5.226883596420288086e+03 5.882524042928418176e-17
5.230962677001953125e+03 5.736763569340243979e-17
5.235041757583618164e+03 5.489573547296327486e-17
5.239120838165283203e+03 6.005789836066580318e-17
5.243199918746948242e+03 5.830122481995428894e-17
5.247278999328613281e+03 6.083032623411272085e-17
5.251358079910278320e+03 6.566503147836265700e-17
5.255437160491943359e+03 6.456423937151178905e-17
5.259516241073608398e+03 6.333877460273692876e-17
5.263595321655273438e+03 6.336398045036264462e-17
5.267674402236938477e+03 6.367830908313279513e-17
5.271753482818603516e+03 6.095904877231577280e-17
5.275832563400268555e+03 6.360737007380024748e-17
5.279911643981933594e+03 6.687082258344855608e-17
5.283990724563598633e+03 6.547712913041511124e-17
5.288069805145263672e+03 6.732951739416636141e-17
5.292148885726928711e+03 6.479655139218608176e-17
5.296227966308593750e+03 6.629890990792939275e-17
5.300307046890258789e+03 6.388405867997678502e-17
5.304386127471923828e+03 6.372438635197444899e-17
5.308465208053588867e+03 6.047854948065106966e-17
5.312544288635253906e+03 6.209398689485282974e-17
5.316623369216918945e+03 6.612776954791462153e-17
5.320702449798583984e+03 6.539119499093820230e-17
5.324781530380249023e+03 7.491511433585734767e-17
5.328860610961914062e+03 6.684144774553557296e-17
5.332939691543579102e+03 7.009187712361984669e-17
5.337018772125244141e+03 6.742388215844641081e-17
5.341097852706909180e+03 7.345325458290463292e-17
5.345176933288574219e+03 7.310213295648812374e-17
5.349256013870239258e+03 6.797762994771390965e-17
5.353335094451904297e+03 6.309558350264633862e-17
5.357414175033569336e+03 6.786124232680524845e-17
5.361493255615234375e+03 6.772395681490104755e-17
5.365572336196899414e+03 6.538331361406179705e-17
5.369651416778564453e+03 6.267107441228412482e-17
5.373730497360229492e+03 6.769263644818733971e-17
5.377809577941894531e+03 7.155680737100635828e-17
5.381888658523559570e+03 7.054137368592606236e-17
5.385967739105224609e+03 7.117502050492128325e-17
5.390046819686889648e+03 6.508564770755091472e-17
5.394125900268554688e+03 6.207351913777581763e-17
5.398204980850219727e+03 6.642292082536334265e-17
5.402284061431884766e+03 6.914122160666980347e-17
5.406363142013549805e+03 6.941911458781821823e-17
5.410442222595214844e+03 6.465977542353921353e-17
5.414521303176879883e+03 7.081487930110549585e-17
5.418600383758544922e+03 7.201205449293104259e-17
5.422679464340209961e+03 6.752457320005126576e-17
5.426758544921875000e+03 7.193962655849589949e-17
5.430837625503540039e+03 6.253346464557980313e-17
5.434916706085205078e+03 5.928551680933318848e-17
5.438995786666870117e+03 6.711762680845477784e-17
5.443074867248535156e+03 6.566593145086911470e-17
5.447153947830200195e+03 7.195044608090809309e-17
5.451233028411865234e+03 6.569324164597316546e-17
5.455312108993530273e+03 7.021328076776302946e-17
5.459391189575195312e+03 7.121326271900083483e-17
5.463470270156860352e+03 6.612789527936772959e-17
5.467549350738525391e+03 6.965253833923578221e-17
5.471628431320190430e+03 6.835621397046717936e-17
5.475707511901855469e+03 5.910207461924852864e-17
5.479786592483520508e+03 6.947647460021509538e-17
5.483865673065185547e+03 7.060543055256216882e-17
5.487944753646850586e+03 6.076400620132066930e-17
5.492023834228515625e+03 6.543512159018721828e-17
5.496102914810180664e+03 6.679378890736271772e-17
5.500181995391845703e+03 6.471123929252981270e-17
5.504261075973510742e+03 6.320210451320846731e-17
5.508340156555175781e+03 6.416496259855489280e-17
5.512419237136840820e+03 6.845716970986805128e-17
5.516498317718506769e+03 6.681873667463731703e-17
5.520577398300171808e+03 6.185443538945747293e-17
5.524656478881836847e+03 6.422600852776130624e-17
5.528735559463501886e+03 6.232166670409682550e-17
5.532814640045166925e+03 6.664742426105513479e-17
5.536893720626831964e+03 6.711681286273202566e-17
5.540972801208497003e+03 6.083034608644742212e-17
5.545051881790162042e+03 6.360816416718829839e-17
5.549130962371827081e+03 6.267167659977006342e-17
5.553210042953492120e+03 5.359673765645490062e-17
5.557289123535157159e+03 5.723001930925321768e-17
5.561368204116822199e+03 5.698185850804240895e-17
5.565447284698487238e+03 6.277238087626471922e-17
5.569526365280152277e+03 6.078246887259285288e-17
5.573605445861817316e+03 5.786683588435574178e-17
5.577684526443482355e+03 6.349619699947312056e-17
5.581763607025147394e+03 6.149516768836854152e-17
5.585842687606812433e+03 6.465702918390553748e-17
5.589921768188477472e+03 6.800403355286660230e-17
5.594000848770142511e+03 7.390551061973432549e-17
5.598079929351807550e+03 7.018937855678269717e-17
5.602159009933472589e+03 6.539388167356777453e-17
5.606238090515137628e+03 7.010823544741369537e-17
5.610317171096802667e+03 6.651612091934091739e-17
5.614396251678467706e+03 7.348910128193023093e-17
5.618475332260132745e+03 6.538579515589945613e-17
5.622554412841797784e+03 6.786827005328949897e-17
5.626633493423462824e+03 6.263509536436051833e-17
5.630712574005127863e+03 6.758939107285092101e-17
5.634791654586792902e+03 6.530987982800178946e-17
5.638870735168457941e+03 6.346438694183678133e-17
5.642949815750122980e+03 6.441142271642629250e-17
5.647028896331788019e+03 6.360224155400241871e-17
5.651107976913453058e+03 6.254802302436073642e-17
5.655187057495118097e+03 6.747716582478462664e-17
5.659266138076783136e+03 6.860085429099096240e-17
5.663345218658448175e+03 6.105768178855659582e-17
5.667424299240113214e+03 6.164388814506067548e-17
5.671503379821778253e+03 6.848631293720951955e-17
5.675582460403443292e+03 6.681858447340460728e-17
5.679661540985108331e+03 6.256202553777003407e-17
5.683740621566773370e+03 6.350900175535544143e-17
5.687819702148439319e+03 7.141035008047016941e-17
5.691898782730104358e+03 5.942862567274976270e-17
5.695977863311769397e+03 5.314624185996872090e-17
5.700056943893434436e+03 6.337276841719040798e-17
5.704136024475099475e+03 6.044034697124092063e-17
5.708215105056764514e+03 6.000043246915051924e-17
5.712294185638429553e+03 6.031742793221554072e-17
5.716373266220094592e+03 5.090186263009594154e-17
5.720452346801759631e+03 5.352374062175832103e-17
5.724531427383424671e+03 5.982038502829977703e-17
5.728610507965089710e+03 5.568587162896372774e-17
5.732689588546754749e+03 5.957567191588208932e-17
5.736768669128419788e+03 5.654125579168236345e-17
5.740847749710084827e+03 5.477847104060530744e-17
5.744926830291749866e+03 5.862674355205105682e-17
5.749005910873414905e+03 4.835297505568524122e-17
5.753084991455079944e+03 5.528912933740369397e-17
5.757164072036744983e+03 5.516753378735839890e-17
5.761243152618410022e+03 4.963658731280012914e-17
5.765322233200075061e+03 4.591593884370396130e-17
5.769401313781740100e+03 5.145506117143670518e-17
5.773480394363405139e+03 4.993340949508620738e-17
5.777559474945070178e+03 4.374881828304363473e-17
5.781638555526735217e+03 4.778785518735636335e-17
5.785717636108400256e+03 5.849445421104667621e-17
5.789796716690065296e+03 5.368795913440724851e-17
5.793875797271730335e+03 4.498324638093611962e-17
5.797954877853395374e+03 4.793104346011174265e-17
5.802033958435060413e+03 4.791992615267902996e-17
5.806113039016725452e+03 5.163520787396095376e-17
5.810192119598390491e+03 5.664025276739270980e-17
5.814271200180055530e+03 5.350862637760575211e-17
5.818350280761720569e+03 5.086926178779400162e-17
5.822429361343385608e+03 4.413231906735791963e-17
5.826508441925050647e+03 5.713575380664667465e-17
5.830587522506715686e+03 5.044795884948604335e-17
5.834666603088380725e+03 5.073032191466469467e-17
5.838745683670045764e+03 4.531596158436209884e-17
5.842824764251710803e+03 4.561211209599078402e-17
5.846903844833375842e+03 4.318200765754269847e-17
5.850982925415040881e+03 4.568797448432924729e-17
5.855062005996705921e+03 4.478984162755387112e-17
5.859141086578370960e+03 4.220251993316150691e-17
5.863220167160035999e+03 4.544855201910944875e-17
5.867299247741701038e+03 4.466004706327695044e-17
5.871378328323366077e+03 4.571782246955261074e-17
5.875457408905031116e+03 4.532351870643838330e-17
5.879536489486696155e+03 4.580625469447942983e-17
5.883615570068361194e+03 5.112526095248936284e-17
5.887694650650026233e+03 4.478496787938470868e-17
5.891773731231691272e+03 4.163636112598326244e-17
5.895852811813356311e+03 4.202246918358831448e-17
5.899931892395021350e+03 3.387380709021003207e-17
5.904010972976686389e+03 3.761712361681260309e-17
5.908090053558351428e+03 3.443772920101193316e-17
5.912169134140016467e+03 3.444685796625206837e-17
5.916248214721681506e+03 4.164450389193323444e-17
5.920327295303346546e+03 4.338061041389423020e-17
5.924406375885011585e+03 4.059165186466348976e-17
5.928485456466676624e+03 3.885784821352784163e-17
5.932564537048341663e+03 4.177128090133556168e-17
5.936643617630006702e+03 4.119985129929412931e-17
5.940722698211671741e+03 4.314624698530080597e-17
5.944801778793336780e+03 4.199427555959005709e-17
5.948880859375001819e+03 4.182820085364656062e-17
5.952959939956666858e+03 4.429108811413134776e-17
5.957039020538331897e+03 4.425658144769808566e-17
5.961118101119996936e+03 4.579508444748751374e-17
5.965197181701661975e+03 4.690114734920156959e-17
5.969276262283327014e+03 4.091231008348089604e-17
5.973355342864992053e+03 4.791675639657172676e-17
5.977434423446657092e+03 5.255741168656162304e-17
5.981513504028322131e+03 5.497398014146589085e-17
5.985592584609987171e+03 5.139619238160253131e-17
5.989671665191652210e+03 4.856829678657769475e-17
5.993750745773317249e+03 5.099242567228069723e-17
5.997829826354982288e+03 4.985877133405432259e-17
6.001908906936647327e+03 4.857129118039513671e-17
6.005987987518312366e+03 4.821629503998942914e-17
6.010067068099977405e+03 4.581443054765390395e-17
6.014146148681642444e+03 5.161128911936837041e-17
6.018225229263307483e+03 5.563592315485532572e-17
6.022304309844972522e+03 5.321208212800549169e-17
6.026383390426637561e+03 4.772676624475809715e-17
6.030462471008302600e+03 4.494560635434250665e-17
6.034541551589967639e+03 4.828688001601980410e-17
6.038620632171632678e+03 4.632460577097455951e-17
6.042699712753297717e+03 4.846495545829021989e-17
6.046778793334962756e+03 5.368009099242064411e-17
6.050857873916627796e+03 4.835620767751909845e-17
6.054936954498292835e+03 5.262964109764975342e-17
6.059016035079957874e+03 5.906395813662208513e-17
6.063095115661622913e+03 5.042303093454614531e-17
6.067174196243287952e+03 4.676818302881734571e-17
6.071253276824952991e+03 5.323002532985299197e-17
6.075332357406618030e+03 5.632976225266480533e-17
6.079411437988283069e+03 5.358792321984753556e-17
6.083490518569948108e+03 5.495081577559195586e-17
6.087569599151613147e+03 5.398815952231499331e-17
6.091648679733278186e+03 5.484111177403272312e-17
6.095727760314943225e+03 4.881620943360473757e-17
6.099806840896608264e+03 4.863638367715815956e-17
6.103885921478273303e+03 4.922572339382259008e-17
6.107965002059938342e+03 4.821887253477814437e-17
6.112044082641603381e+03 4.690122014109547426e-17
6.116123163223268421e+03 4.631803133946598805e-17
6.120202243804933460e+03 5.314002146176232213e-17
6.124281324386598499e+03 5.108543716907860987e-17
6.128360404968263538e+03 4.509674879586819587e-17
6.132439485549928577e+03 5.024279489651574100e-17
6.136518566131593616e+03 4.909331163008755162e-17
6.140597646713258655e+03 5.135028385760583827e-17
6.144676727294923694e+03 5.185438757523035461e-17
6.148755807876588733e+03 4.276234253684759519e-17
6.152834888458253772e+03 4.746559885559550461e-17
6.156913969039918811e+03 4.601462479950398771e-17
6.160993049621583850e+03 4.575114792207114712e-17
6.165072130203248889e+03 4.416813267915901552e-17
6.169151210784913928e+03 4.509465106583476139e-17
6.173230291366578967e+03 3.939788134823921128e-17
6.177309371948244006e+03 3.931576216574739690e-17
6.181388452529909046e+03 4.956487737113668207e-17
6.185467533111574085e+03 5.032774634542493694e-17
6.189546613693239124e+03 4.581814293424304194e-17
6.193625694274904163e+03 4.552231998613692776e-17
6.197704774856569202e+03 4.639221951424464399e-17
6.201783855438234241e+03 4.187992611171072654e-17
6.205862936019899280e+03 4.806790545554231640e-17
6.209942016601564319e+03 4.299836032666612547e-17
6.214021097183230268e+03 4.825609566234303062e-17
6.218100177764895307e+03 4.989305962480587069e-17
6.222179258346560346e+03 4.699719625320877695e-17
6.226258338928225385e+03 4.490571970520519966e-17
6.230337419509890424e+03 4.731216677813426862e-17
6.234416500091555463e+03 4.761309508498106008e-17
6.238495580673220502e+03 4.371450021379003471e-17
6.242574661254885541e+03 4.313279702854069374e-17
6.246653741836550580e+03 4.224232717296000882e-17
6.250732822418215619e+03 4.394102858762135666e-17
6.254811902999880658e+03 4.378823509359301160e-17
6.258890983581545697e+03 3.830123507061845910e-17
6.262970064163210736e+03 4.909506525298616404e-17
6.267049144744875775e+03 4.630904815801366217e-17
6.271128225326540814e+03 4.584325944636260207e-17
6.275207305908205853e+03 5.004270983250651424e-17
6.279286386489870893e+03 4.656668183159942817e-17
6.283365467071535932e+03 4.178176293405783364e-17
6.287444547653200971e+03 4.023124265432923518e-17
6.291523628234866010e+03 4.289383447574147469e-17
6.295602708816531049e+03 4.126084759766378957e-17
6.299681789398196088e+03 4.039570270371702814e-17
6.303760869979861127e+03 3.895951863697795937e-17
6.307839950561526166e+03 3.837987016837020012e-17
6.311919031143191205e+03 4.085634966068045861e-17
6.315998111724856244e+03 4.173291957324780246e-17
6.320077192306521283e+03 4.523839851268422654e-17
6.324156272888186322e+03 4.373908733031756091e-17
6.328235353469851361e+03 4.693953514706893050e-17
6.332314434051516400e+03 4.496594837996641071e-17
6.336393514633181439e+03 5.229785895395473402e-17
6.340472595214846478e+03 5.120548092829475546e-17
6.344551675796511518e+03 4.498888775271373127e-17
6.348630756378176557e+03 4.065329005518849117e-17
6.352709836959841596e+03 5.106768256441077168e-17
6.356788917541506635e+03 5.970952297388297005e-17
6.360867998123171674e+03 4.974789935347016497e-17
6.364947078704836713e+03 5.377481971617021684e-17
6.369026159286501752e+03 6.023868033790049249e-17
6.373105239868166791e+03 5.184036851820880590e-17
6.377184320449831830e+03 5.605124723169575070e-17
6.381263401031496869e+03 5.626667815042906123e-17
6.385342481613162818e+03 5.749426711901695769e-17
6.389421562194827857e+03 5.884415308680959419e-17
6.393500642776492896e+03 5.818808636449173603e-17
6.397579723358157935e+03 5.956651998958480262e-17
6.401658803939822974e+03 6.767206281199192081e-17
6.405737884521488013e+03 5.914457185039905299e-17
6.409816965103153052e+03 5.376700782246526605e-17
6.413896045684818091e+03 6.284159273247825615e-17
6.417975126266483130e+03 6.336321282675419541e-17
6.422054206848148169e+03 5.619024004438426105e-17
6.426133287429813208e+03 5.512315720185615407e-17
6.430212368011478247e+03 5.879846624721706536e-17
6.434291448593143286e+03 5.925039802924663714e-17
6.438370529174808325e+03 6.053484408441897851e-17
6.442449609756473365e+03 5.889054137556156798e-17
6.446528690338138404e+03 6.133716295648111239e-17
6.450607770919803443e+03 6.378862188962286690e-17
6.454686851501468482e+03 6.560742662050446415e-17
6.458765932083133521e+03 6.958721092317879430e-17
6.462845012664798560e+03 7.330053718949264274e-17
6.466924093246463599e+03 6.651045638650615426e-17
6.471003173828128638e+03 6.619111834794638260e-17
6.475082254409793677e+03 6.404521331563681609e-17
6.479161334991458716e+03 6.553176275551301361e-17
6.483240415573123755e+03 5.697705424304470097e-17
6.487319496154788794e+03 5.051986069705160273e-17
6.491398576736453833e+03 5.290738187756545842e-17
6.495477657318118872e+03 4.487087885780446613e-17
6.499556737899783911e+03 5.317472665154259696e-17
6.503635818481448950e+03 4.613974083023630846e-17
6.507714899063113990e+03 4.147926960149209185e-17
6.511793979644779029e+03 4.627372754585764789e-17
6.515873060226444068e+03 5.022498404356624921e-17
6.519952140808109107e+03 4.380935466899271550e-17
6.524031221389774146e+03 4.267927705973502015e-17
6.528110301971439185e+03 4.838925188862936680e-17
6.532189382553104224e+03 4.230043495663063390e-17
6.536268463134769263e+03 4.125723116402570773e-17
6.540347543716434302e+03 3.892120032228205291e-17
6.544426624298099341e+03 4.271990486270117466e-17
6.548505704879764380e+03 4.356281845050496092e-17
6.552584785461429419e+03 4.284931230645142052e-17
6.556663866043094458e+03 3.783443058117518388e-17
6.560742946624759497e+03 3.454189440118951083e-17
6.564822027206424536e+03 4.163230132353685218e-17
6.568901107788089575e+03 4.143454229141012453e-17
6.572980188369754615e+03 4.090208943983219083e-17
6.577059268951419654e+03 4.122738648752479450e-17
6.581138349533084693e+03 4.503408490138362870e-17
6.585217430114749732e+03 4.375469788283766165e-17
6.589296510696414771e+03 4.783850180190176013e-17
6.593375591278079810e+03 5.300302049998883947e-17
6.597454671859744849e+03 5.535020835383460953e-17
6.601533752441409888e+03 5.817743889564695346e-17
6.605612833023074927e+03 6.778689533334898232e-17
6.609691913604739966e+03 6.465746593526896548e-17
6.613770994186405005e+03 7.264441091017068077e-17
6.617850074768070044e+03 8.185350531395214381e-17
6.621929155349735083e+03 9.221162638046366696e-17
6.626008235931400122e+03 1.017595074933672484e-16
6.630087316513065161e+03 1.098968603734107059e-16
6.634166397094730200e+03 1.139109495104488352e-16
6.638245477676395240e+03 1.273115798362733030e-16
6.642324558258060279e+03 1.386356030127854468e-16
6.646403638839725318e+03 1.611720527750089803e-16
6.650482719421390357e+03 1.637260688692175094e-16
6.654561800003055396e+03 1.691497134747154004e-16
6.658640880584720435e+03 1.658243680029134240e-16
6.662719961166385474e+03 1.698623196462624831e-16
6.666799041748050513e+03 1.745287167969150296e-16
6.670878122329715552e+03 1.710536714865756565e-16
6.674957202911380591e+03 1.764165150083284498e-16
6.679036283493045630e+03 1.821696289605286619e-16
6.683115364074710669e+03 1.724883600107672294e-16
6.687194444656375708e+03 1.652730157286998788e-16
6.691273525238040747e+03 1.617985395186219422e-16
6.695352605819705786e+03 1.616441280593154434e-16
6.699431686401370825e+03 1.717657482625307053e-16
6.703510766983035865e+03 1.731192407377940730e-16
6.707589847564700904e+03 1.728137265416312875e-16
6.711668928146365943e+03 1.727109973269971019e-16
6.715748008728030982e+03 1.646360072476952424e-16
6.719827089309696021e+03 1.931425966850733008e-16
6.723906169891361060e+03 2.269812982300865823e-16
6.727985250473026099e+03 2.410240721741584158e-16
6.732064331054691138e+03 2.343036863008631952e-16
6.736143411636356177e+03 2.057390883414880181e-16
6.740222492218021216e+03 1.810447030321259468e-16
6.744301572799686255e+03 1.868628399979177274e-16
6.748380653381351294e+03 1.786997187874320180e-16
6.752459733963016333e+03 1.802863703163169328e-16
6.756538814544681372e+03 1.790311866024942673e-16
6.760617895126346411e+03 1.685069478166473949e-16
6.764696975708011450e+03 1.719478338764107782e-16
6.768776056289676490e+03 1.560878963277926527e-16
6.772855136871341529e+03 1.539282005403106021e-16
6.776934217453006568e+03 1.593199887660578509e-16
6.781013298034671607e+03 1.495221204371509436e-16
6.785092378616336646e+03 1.397083834753728190e-16
6.789171459198001685e+03 1.440876364569061577e-16
6.793250539779666724e+03 1.332898457337655489e-16
6.797329620361331763e+03 1.288779025744241145e-16
6.801408700942996802e+03 1.385473792373729911e-16
6.805487781524661841e+03 1.181533007918821976e-16
6.809566862106326880e+03 1.080590966628893932e-16
6.813645942687991919e+03 1.082841030243936176e-16
6.817725023269656958e+03 9.526969325273750900e-17
6.821804103851321997e+03 1.049651698567001523e-16
6.825883184432987036e+03 9.951243496341999643e-17
6.829962265014652075e+03 9.393429287183190112e-17
6.834041345596317115e+03 9.334750418017658414e-17
6.838120426177982154e+03 8.326980395876543779e-17
6.842199506759647193e+03 8.155765258734397772e-17
6.846278587341312232e+03 7.479088504274168376e-17
6.850357667922977271e+03 8.045702591661562037e-17
6.854436748504642310e+03 8.385997416476487156e-17
6.858515829086307349e+03 7.055071090068056093e-17
6.862594909667972388e+03 7.383453852317727571e-17
6.866673990249637427e+03 6.811041559708582208e-17
6.870753070831302466e+03 5.571898532324545054e-17
6.874832151412967505e+03 5.612098186605642114e-17
6.878911231994632544e+03 6.030137401088711156e-17
6.882990312576297583e+03 5.795535744478871659e-17
6.887069393157962622e+03 6.572236502097993246e-17
6.891148473739627661e+03 6.937569091438163449e-17
6.895227554321292700e+03 6.117022467397811056e-17
6.899306634902957740e+03 6.262526184123848793e-17
6.903385715484622779e+03 6.490436280450379318e-17
6.907464796066288727e+03 6.270069409565842363e-17
6.911543876647953766e+03 5.260482237055071238e-17
6.915622957229618805e+03 5.820044113412082805e-17
6.919702037811283844e+03 5.901318909934603050e-17
6.923781118392948883e+03 5.971544558706884972e-17
6.927860198974613922e+03 4.879288955777564261e-17
6.931939279556278962e+03 4.946365362521734296e-17
6.936018360137944001e+03 5.061944000791318641e-17
6.940097440719609040e+03 5.105157570352313913e-17
6.944176521301274079e+03 4.724823233422882000e-17
6.948255601882939118e+03 4.543048308580884041e-17
6.952334682464604157e+03 5.227038001400572244e-17
6.956413763046269196e+03 4.888155008455152633e-17
6.960492843627934235e+03 4.464651107973313269e-17
6.964571924209599274e+03 3.983451359765900225e-17
6.968651004791264313e+03 4.510039500800832961e-17
6.972730085372929352e+03 4.346629309046492302e-17
6.976809165954594391e+03 4.900766865818626135e-17
6.980888246536259430e+03 4.758831937127387180e-17
6.984967327117924469e+03 4.081280356451321702e-17
6.989046407699589508e+03 4.340202777431445319e-17
6.993125488281254547e+03 4.824020386841466185e-17
6.997204568862919587e+03 4.485664804254610384e-17
7.001283649444584626e+03 4.195989131588745283e-17
7.005362730026249665e+03 4.820547220885478532e-17
7.009441810607914704e+03 4.205359102695500960e-17
7.013520891189579743e+03 4.036456762546053218e-17
7.017599971771244782e+03 4.668606053760308112e-17
7.021679052352909821e+03 3.706541400057443490e-17
7.025758132934574860e+03 4.170221462890983408e-17
7.029837213516239899e+03 4.218926849974840741e-17
7.033916294097904938e+03 3.752073722311547409e-17
7.037995374679569977e+03 3.500061237296446764e-17
7.042074455261235016e+03 3.890482545487595318e-17
7.046153535842900055e+03 4.003995217459267221e-17
7.050232616424565094e+03 3.905619619825070703e-17
7.054311697006230133e+03 3.902814154059535854e-17
7.058390777587895172e+03 3.939843059616594649e-17
7.062469858169560212e+03 4.016936954451026871e-17
7.066548938751225251e+03 4.032153768999552368e-17
7.070628019332890290e+03 4.111328850255168007e-17
7.074707099914555329e+03 4.202348827010297981e-17
7.078786180496220368e+03 3.261994024792255102e-17
7.082865261077886316e+03 4.086901545021987057e-17
7.086944341659551355e+03 3.885647840243345382e-17
7.091023422241216394e+03 3.963060034177488008e-17
7.095102502822881434e+03 3.705941528677220034e-17
7.099181583404546473e+03 3.839642701551106152e-17
7.103260663986211512e+03 4.157805812768807484e-17
7.107339744567876551e+03 3.911679214120389163e-17
7.111418825149541590e+03 4.085995947687364003e-17
7.115497905731206629e+03 4.196972814773193344e-17
7.119576986312871668e+03 4.414711567415526819e-17
7.123656066894536707e+03 4.211019665063323839e-17
7.127735147476201746e+03 3.659553570797491264e-17
7.131814228057866785e+03 3.715532522443649880e-17
7.135893308639531824e+03 4.184932373776871473e-17
7.139972389221196863e+03 3.891066204127812734e-17
7.144051469802861902e+03 3.761960846737271238e-17
7.148130550384526941e+03 3.860186890116718169e-17
7.152209630966191980e+03 3.954165195614582791e-17
7.156288711547857019e+03 3.537275762182962458e-17
7.160367792129522059e+03 3.511176559495689329e-17
7.164446872711187098e+03 4.093800562202924329e-17
7.168525953292852137e+03 3.782606282209859745e-17
7.172605033874517176e+03 3.224057536667103126e-17
7.176684114456182215e+03 3.693771054888604828e-17
7.180763195037847254e+03 4.443605978828739139e-17
7.184842275619512293e+03 4.602806483009674930e-17
7.188921356201177332e+03 3.206816114851292838e-17
7.193000436782842371e+03 3.331009012020004414e-17
7.197079517364507410e+03 4.278953030922098811e-17
7.201158597946172449e+03 4.054101186756299340e-17
7.205237678527837488e+03 3.808449720651731478e-17
7.209316759109502527e+03 4.454711705732876089e-17
7.213395839691167566e+03 4.191651065584272185e-17
7.217474920272832605e+03 3.574556130646237373e-17
7.221554000854497644e+03 4.175559424819910606e-17
7.225633081436162684e+03 4.022815892500563749e-17
7.229712162017827723e+03 4.066707419291607482e-17
7.233791242599492762e+03 4.471382703798269808e-17
7.237870323181157801e+03 4.926430309759206329e-17
7.241949403762822840e+03 4.246787616494606798e-17
7.246028484344487879e+03 4.683828162264753949e-17
7.250107564926152918e+03 4.829002991979240603e-17
7.254186645507817957e+03 3.826679788735665145e-17
7.258265726089482996e+03 3.554361012299122734e-17
7.262344806671148035e+03 5.029617120708256277e-17
7.266423887252813074e+03 5.303801354862228276e-17
7.270502967834478113e+03 4.809779976287998282e-17
7.274582048416143152e+03 5.138229574731164044e-17
7.278661128997808191e+03 3.750289328294148018e-17
7.282740209579473230e+03 4.228197559408090054e-17
7.286819290161138269e+03 4.382961397655536426e-17
7.290898370742803309e+03 4.194342711297519737e-17
7.294977451324468348e+03 4.901958005900702495e-17
7.299056531906133387e+03 3.927030031928148250e-17
7.303135612487798426e+03 4.515418821760387811e-17
7.307214693069463465e+03 4.391333788943553151e-17
7.311293773651128504e+03 3.641485630113617991e-17
7.315372854232793543e+03 4.309207327262348309e-17
7.319451934814458582e+03 5.344107550006222166e-17
7.323531015396123621e+03 4.587276001572869325e-17
7.327610095977788660e+03 4.203021159412181082e-17
7.331689176559453699e+03 4.320206182431343407e-17
7.335768257141118738e+03 4.598846603981261076e-17
7.339847337722783777e+03 4.807451959172029041e-17
7.343926418304448816e+03 4.717743559996163147e-17
7.348005498886113855e+03 5.361257320210161578e-17
7.352084579467778894e+03 5.083228350569043107e-17
7.356163660049443934e+03 5.728243609030947794e-17
7.360242740631108973e+03 5.066868703286214347e-17
7.364321821212774012e+03 5.313914465031301592e-17
7.368400901794439051e+03 5.282012094038601442e-17
7.372479982376104090e+03 5.316009217214530879e-17
7.376559062957769129e+03 6.258130877220987025e-17
7.380638143539434168e+03 6.144850146693074991e-17
7.384717224121099207e+03 5.838625236947983977e-17
7.388796304702764246e+03 5.689779710547232007e-17
7.392875385284429285e+03 6.298442366320901255e-17
7.396954465866094324e+03 7.138160389982272660e-17
7.401033546447759363e+03 7.847619966479203648e-17
7.405112627029424402e+03 7.048156521891602824e-17
7.409191707611089441e+03 6.566977618635626117e-17
7.413270788192754480e+03 6.522810144392234694e-17
7.417349868774419519e+03 6.004887878326652497e-17
7.421428949356084559e+03 6.215885770721168838e-17
7.425508029937749598e+03 6.427696285349457275e-17
7.429587110519414637e+03 6.373864694573486318e-17
7.433666191101079676e+03 6.290701941020875043e-17
7.437745271682744715e+03 6.402604257776028712e-17
7.441824352264409754e+03 5.797738691886222882e-17
7.445903432846074793e+03 5.131928774569225122e-17
7.449982513427739832e+03 5.501024373952021558e-17
7.454061594009404871e+03 6.606350754048660192e-17
7.458140674591069910e+03 6.067097154346560517e-17
