6.001515625000010004e+03 3.148713956008833111e-17
6.005720698833475581e+03 3.204915915548136023e-17
6.009925772666941157e+03 3.276548102234003114e-17
6.014130846500406733e+03 3.256093580046791845e-17
6.018335920333872309e+03 3.585197312918364542e-17
6.022540994167337885e+03 3.265807658288369581e-17
6.026746068000803461e+03 3.189462527344420360e-17
6.030951141834269038e+03 3.077747484279948697e-17
6.035156215667734614e+03 3.135205765733597148e-17
6.039361289501200190e+03 3.307023090361681759e-17
6.043566363334665766e+03 3.282567330115428986e-17
6.047771437168131342e+03 3.398867931623649613e-17
6.051976511001596919e+03 3.532001989469569375e-17
6.056181584835062495e+03 3.198888746732829642e-17
6.060386658668528071e+03 3.724918375418166574e-17
6.064591732501993647e+03 3.420867627195109937e-17
6.068796806335459223e+03 3.332645837016124345e-17
6.073001880168924799e+03 3.262198503839678211e-17
6.077206954002390376e+03 3.490326644975677713e-17
6.081412027835855952e+03 3.415188205109320849e-17
6.085617101669321528e+03 3.579181724631633904e-17
6.089822175502787104e+03 3.469977009290138169e-17
6.094027249336252680e+03 3.122426156141897891e-17
6.098232323169718256e+03 3.365270832991950820e-17
6.102437397003183833e+03 3.410640035229259282e-17
6.106642470836649409e+03 3.190651351320781572e-17
6.110847544670114985e+03 3.086296892219051770e-17
6.115052618503580561e+03 2.900507163555966436e-17
6.119257692337046137e+03 3.108589078855110844e-17
6.123462766170511713e+03 2.982145919548010013e-17
6.127667840003977290e+03 2.903023777851597767e-17
6.131872913837443775e+03 2.808250055476702153e-17
6.136077987670909351e+03 2.820775555184225120e-17
6.140283061504374928e+03 3.150900028931688252e-17
6.144488135337840504e+03 2.971768773327409770e-17
6.148693209171306080e+03 2.830938627062296639e-17
6.152898283004771656e+03 2.884565738790844487e-17
6.157103356838237232e+03 2.955509380334822437e-17
6.161308430671702808e+03 3.040029040964265699e-17
6.165513504505168385e+03 3.256777162105005668e-17
6.169718578338633961e+03 3.148168678549038155e-17
6.173923652172099537e+03 2.724140014686595151e-17
6.178128726005565113e+03 2.976531017550000061e-17
6.182333799839030689e+03 2.977896858177447620e-17
6.186538873672496265e+03 2.854471253744940234e-17
6.190743947505961842e+03 2.910487924827031268e-17
6.194949021339427418e+03 2.570116833959628760e-17
6.199154095172892994e+03 2.929237793207893257e-17
6.203359169006358570e+03 2.973892311395955903e-17
6.207564242839824146e+03 2.847840243082470143e-17
6.211769316673289723e+03 2.757065111788655864e-17
6.215974390506755299e+03 2.754902861667442250e-17
6.220179464340220875e+03 2.669760664908991580e-17
6.224384538173686451e+03 2.866701615409904280e-17
6.228589612007152027e+03 2.926872056655991598e-17
6.232794685840617603e+03 2.868432077251365214e-17
6.236999759674083180e+03 2.849664010897027058e-17
6.241204833507548756e+03 2.611456839433191424e-17
6.245409907341014332e+03 3.088477340313741551e-17
6.249614981174479908e+03 2.759940391597890189e-17
6.253820055007945484e+03 3.009906100905289622e-17
6.258025128841411060e+03 2.751225051227908978e-17
6.262230202674876637e+03 2.995021482090765420e-17
6.266435276508342213e+03 2.801635919298728144e-17
6.270640350341807789e+03 2.813328282693287701e-17
6.274845424175273365e+03 2.686493701520326776e-17
6.279050498008738941e+03 2.523363593121396572e-17
6.283255571842204517e+03 2.800289931005981857e-17
6.287460645675670094e+03 2.646095689328339500e-17
6.291665719509135670e+03 3.004892062904238189e-17
6.295870793342601246e+03 3.249918842210206005e-17
6.300075867176066822e+03 3.149928257148060956e-17
6.304280941009532398e+03 2.851274696985790314e-17
6.308486014842997974e+03 2.894783073717099484e-17
6.312691088676463551e+03 3.072749328146658283e-17
6.316896162509929127e+03 2.791353733412448989e-17
6.321101236343394703e+03 2.972982412722147572e-17
6.325306310176860279e+03 3.132483679773807644e-17
6.329511384010325855e+03 3.037939251864711730e-17
6.333716457843791432e+03 3.594736359742326057e-17
6.337921531677257008e+03 3.427722638367459388e-17
6.342126605510722584e+03 3.207397126513550085e-17
6.346331679344188160e+03 3.307735789177457448e-17
6.350536753177653736e+03 3.132380778505606048e-17
6.354741827011119312e+03 3.496251243395027519e-17
6.358946900844584889e+03 3.939596890666298868e-17
6.363151974678050465e+03 3.772122925998607694e-17
6.367357048511516041e+03 3.618674966669610678e-17
6.371562122344981617e+03 3.976113936860309849e-17
6.375767196178447193e+03 4.175970037275981929e-17
6.379972270011912769e+03 4.052342931646256625e-17
6.384177343845378346e+03 4.077972295745599634e-17
6.388382417678843922e+03 3.998821368163870543e-17
6.392587491512309498e+03 4.255467057226003207e-17
6.396792565345775074e+03 4.409137362703654476e-17
6.400997639179240650e+03 4.799574552762564048e-17
6.405202713012706226e+03 4.580739620372475300e-17
6.409407786846171803e+03 4.349666716255787019e-17
6.413612860679637379e+03 4.407511456491620245e-17
6.417817934513103864e+03 4.497700943911746979e-17
6.422023008346569441e+03 4.657130080813992427e-17
6.426228082180035017e+03 4.434827276423836367e-17
6.430433156013500593e+03 4.441600893023910600e-17
6.434638229846966169e+03 4.767822397769103527e-17
6.438843303680431745e+03 4.780089155381019906e-17
6.443048377513897321e+03 4.784989042457539021e-17
6.447253451347362898e+03 5.222755852805507730e-17
6.451458525180828474e+03 4.958297277421689210e-17
6.455663599014294050e+03 4.939412413164858567e-17
6.459868672847759626e+03 5.042411288678736467e-17
6.464073746681225202e+03 5.143476215920465388e-17
6.468278820514690779e+03 5.017027762657444217e-17
6.472483894348156355e+03 5.117366094449106559e-17
6.476688968181621931e+03 4.958957367550506526e-17
6.480894042015087507e+03 4.260310034276378673e-17
6.485099115848553083e+03 4.319947440335736820e-17
6.489304189682018659e+03 3.839999712703484039e-17
6.493509263515484236e+03 3.946902218964122187e-17
6.497714337348949812e+03 3.459639236866695450e-17
6.501919411182415388e+03 3.407303850382710411e-17
6.506124485015880964e+03 3.334707171102606490e-17
6.510329558849346540e+03 3.451907414245039790e-17
6.514534632682812116e+03 2.961939882416809674e-17
6.518739706516277693e+03 3.124951042243654753e-17
6.522944780349743269e+03 3.165745604821299951e-17
6.527149854183208845e+03 2.893493333706006804e-17
6.531354928016674421e+03 2.951182894858925081e-17
6.535560001850139997e+03 2.720043154548742515e-17
6.539765075683605573e+03 2.657328305738442084e-17
6.543970149517071150e+03 2.776622639319614629e-17
6.548175223350536726e+03 2.446447542118663251e-17
6.552380297184002302e+03 2.453593886302753879e-17
6.556585371017467878e+03 2.406436981325595813e-17
6.560790444850933454e+03 2.485532818678528873e-17
6.564995518684399030e+03 2.795132294450591219e-17
6.569200592517864607e+03 2.792144518078049683e-17
6.573405666351330183e+03 2.667003837363474849e-17
6.577610740184795759e+03 2.777366440126422312e-17
6.581815814018261335e+03 3.078979321648162666e-17
6.586020887851726911e+03 3.148392017314427473e-17
6.590225961685192487e+03 3.450269927504429816e-17
6.594431035518658064e+03 3.441829045661693701e-17
6.598636109352123640e+03 3.899881633351912861e-17
6.602841183185589216e+03 3.945841773418829206e-17
6.607046257019054792e+03 4.571240609090161352e-17
6.611251330852520368e+03 4.914113590438291747e-17
6.615456404685985945e+03 5.780934352306085614e-17
6.619661478519451521e+03 6.644997294011627687e-17
6.623866552352917097e+03 7.336490507603906914e-17
6.628071626186382673e+03 8.121962688438540807e-17
6.632276700019848249e+03 9.099512163208398107e-17
6.636481773853313825e+03 9.960223369071875311e-17
6.640686847686779402e+03 1.075799936520986796e-16
6.644891921520244978e+03 1.168306985494140101e-16
6.649096995353710554e+03 1.267116422816008431e-16
6.653302069187176130e+03 1.310229473388966259e-16
6.657507143020642616e+03 1.303949915225157698e-16
6.661712216854108192e+03 1.330705833144348927e-16
6.665917290687573768e+03 1.323419761611185842e-16
6.670122364521039344e+03 1.298792013971971043e-16
6.674327438354504920e+03 1.289819023384791816e-16
6.678532512187970497e+03 1.272786381955589912e-16
6.682737586021436073e+03 1.249814716077155279e-16
6.686942659854901649e+03 1.244094464356330573e-16
6.691147733688367225e+03 1.229557923143568686e-16
6.695352807521832801e+03 1.222396656621227602e-16
6.699557881355298377e+03 1.217931998895809389e-16
6.703762955188763954e+03 1.210645265618156261e-16
6.707968029022229530e+03 1.241280991482466211e-16
6.712173102855695106e+03 1.261279836413834268e-16
6.716378176689160682e+03 1.467441832424018597e-16
6.720583250522626258e+03 1.636645133967537633e-16
6.724788324356091834e+03 1.679026692181202567e-16
6.728993398189557411e+03 1.595248913299545865e-16
6.733198472023022987e+03 1.313132149420088339e-16
6.737403545856488563e+03 1.275914977555612476e-16
6.741608619689954139e+03 1.272692546586901897e-16
6.745813693523419715e+03 1.304815079971439161e-16
6.750018767356885292e+03 1.293904369168517713e-16
6.754223841190350868e+03 1.218302840508029162e-16
6.758428915023816444e+03 1.164083864507587372e-16
6.762633988857282020e+03 1.177304195929654881e-16
6.766839062690747596e+03 1.129409247322752502e-16
6.771044136524213172e+03 1.085455715072991794e-16
6.775249210357678749e+03 1.056368074268687087e-16
6.779454284191144325e+03 1.004600332208260437e-16
6.783659358024609901e+03 9.581499056486716612e-17
6.787864431858075477e+03 9.297539201853592932e-17
6.792069505691541053e+03 9.263317747295539114e-17
6.796274579525006629e+03 9.089701139399029156e-17
6.800479653358472206e+03 8.411055695080923555e-17
6.804684727191937782e+03 7.972816730039309577e-17
6.808889801025403358e+03 7.735376851311678132e-17
6.813094874858868934e+03 7.241598994709783749e-17
6.817299948692334510e+03 7.598448019687610100e-17
6.821505022525800086e+03 6.798023060355977637e-17
6.825710096359265663e+03 6.635257076862693276e-17
6.829915170192731239e+03 6.392744264874396622e-17
6.834120244026196815e+03 5.674312094836980432e-17
6.838325317859662391e+03 5.884063260612256850e-17
6.842530391693127967e+03 5.510783781691167200e-17
6.846735465526593543e+03 5.490746820277172700e-17
6.850940539360059120e+03 5.228463399032123621e-17
6.855145613193524696e+03 4.909399984435719574e-17
6.859350687026990272e+03 4.879623136745035684e-17
6.863555760860455848e+03 4.361023906066140089e-17
6.867760834693921424e+03 3.659341812560677689e-17
6.871965908527387001e+03 3.594676140993732197e-17
6.876170982360852577e+03 4.269964555513852591e-17
6.880376056194318153e+03 4.368262729042714145e-17
6.884581130027783729e+03 4.394778830758714000e-17
6.888786203861249305e+03 4.051116719106208016e-17
6.892991277694714881e+03 3.849117890031778573e-17
6.897196351528180458e+03 3.910202200418614476e-17
6.901401425361646034e+03 3.571910145302802748e-17
6.905606499195111610e+03 3.519702806377640917e-17
6.909811573028577186e+03 3.502848835960750468e-17
6.914016646862042762e+03 3.371138190512911956e-17
6.918221720695508338e+03 3.432405804123489610e-17
6.922426794528973915e+03 3.296152282751509870e-17
6.926631868362439491e+03 3.301436974248988653e-17
6.930836942195905067e+03 3.265996255468031672e-17
6.935042016029370643e+03 3.149770431087185838e-17
6.939247089862836219e+03 3.138679262561829822e-17
6.943452163696301795e+03 3.192057889234366740e-17
6.947657237529767372e+03 2.971270479726407826e-17
6.951862311363232948e+03 2.894813844835886457e-17
6.956067385196698524e+03 3.154757006691900510e-17
6.960272459030164100e+03 3.000802151083530999e-17
6.964477532863630586e+03 3.129232859966474246e-17
6.968682606697096162e+03 2.985514860746815984e-17
6.972887680530561738e+03 2.662647242513280563e-17
6.977092754364027314e+03 2.536172484906780206e-17
6.981297828197492890e+03 2.752124031117631609e-17
6.985502902030958467e+03 2.816029523701640868e-17
6.989707975864424043e+03 2.903469793637886360e-17
6.993913049697889619e+03 2.960715655110231193e-17
6.998118123531355195e+03 2.833179624777825301e-17
7.002323197364820771e+03 2.420897091049757801e-17
7.006528271198286347e+03 2.550486183662520307e-17
7.010733345031751924e+03 2.468381724985609376e-17
7.014938418865217500e+03 3.005883687022566759e-17
7.019143492698683076e+03 2.830771205706315906e-17
7.023348566532148652e+03 2.436339725905510274e-17
7.027553640365614228e+03 2.613683775078306685e-17
7.031758714199079805e+03 2.478528914995919877e-17
7.035963788032545381e+03 2.488360287448357632e-17
7.040168861866010957e+03 2.588982342190125662e-17
7.044373935699476533e+03 2.741576981999212974e-17
7.048579009532942109e+03 2.673779770069264230e-17
7.052784083366407685e+03 2.251235729970231400e-17
7.056989157199873262e+03 2.408270013563013323e-17
7.061194231033338838e+03 2.402458738887583282e-17
7.065399304866804414e+03 2.358430727295468299e-17
7.069604378700269990e+03 2.623558988103209751e-17
7.073809452533735566e+03 2.637653649432745810e-17
7.078014526367201142e+03 2.317567508726981200e-17
7.082219600200666719e+03 2.621391609462198308e-17
7.086424674034132295e+03 2.325452028889714149e-17
7.090629747867597871e+03 2.197323075494230247e-17
7.094834821701063447e+03 2.301648914146765714e-17
7.099039895534529023e+03 2.591892694457332235e-17
7.103244969367994599e+03 2.473579893391015112e-17
7.107450043201460176e+03 2.444354444296659070e-17
7.111655117034925752e+03 2.595915935520667651e-17
7.115860190868391328e+03 2.514153433308986141e-17
7.120065264701856904e+03 2.416126409584919469e-17
7.124270338535322480e+03 2.271254327974627223e-17
7.128475412368788056e+03 2.382161877325124621e-17
7.132680486202253633e+03 2.575132195449660277e-17
7.136885560035719209e+03 2.552473733238362722e-17
7.141090633869184785e+03 2.653089335971352839e-17
7.145295707702650361e+03 2.415775685005196985e-17
7.149500781536115937e+03 2.513584663919794679e-17
7.153705855369581514e+03 2.592292388129317858e-17
7.157910929203047090e+03 2.776109456467586731e-17
7.162116003036512666e+03 2.607888216834515152e-17
7.166321076869978242e+03 2.515934022295567788e-17
7.170526150703443818e+03 2.547321059766647402e-17
7.174731224536909394e+03 2.684806749379086132e-17
7.178936298370375880e+03 2.498176936085891943e-17
7.183141372203841456e+03 2.676216975026090471e-17
7.187346446037307032e+03 2.603594322274752385e-17
7.191551519870772609e+03 2.454824896490355294e-17
7.195756593704238185e+03 2.507741129200475070e-17
7.199961667537703761e+03 2.674781816663310968e-17
7.204166741371169337e+03 2.575348751334026660e-17
7.208371815204634913e+03 2.566111790869769510e-17
7.212576889038100489e+03 2.891336377540713529e-17
7.216781962871566066e+03 2.824762565736730713e-17
7.220987036705031642e+03 2.669035889256272617e-17
7.225192110538497218e+03 2.649414007073657226e-17
7.229397184371962794e+03 2.936272798881534246e-17
7.233602258205428370e+03 3.207946705312530317e-17
7.237807332038893946e+03 3.442603286715043335e-17
7.242012405872359523e+03 3.301588182864963346e-17
7.246217479705825099e+03 3.580831122773064641e-17
7.250422553539290675e+03 3.251023624636331828e-17
7.254627627372756251e+03 3.026409015870212566e-17
7.258832701206221827e+03 3.270470971709698530e-17
7.263037775039687403e+03 3.205733500865583436e-17
7.267242848873152980e+03 3.259620347306472934e-17
7.271447922706618556e+03 3.754640960060666986e-17
7.275652996540084132e+03 3.504536615282603665e-17
7.279858070373549708e+03 3.271631340672987917e-17
7.284063144207015284e+03 3.018121989621411314e-17
7.288268218040480861e+03 2.819533460776415493e-17
7.292473291873946437e+03 2.764588981204315693e-17
7.296678365707412013e+03 3.229464320022994736e-17
7.300883439540877589e+03 3.177802258557627861e-17
7.305088513374343165e+03 2.982067502825939986e-17
7.309293587207808741e+03 3.247292709201472652e-17
7.313498661041274318e+03 3.073771723383773825e-17
7.317703734874739894e+03 3.326725209063714794e-17
7.321908808708205470e+03 3.203799552593434457e-17
7.326113882541671046e+03 3.264065615918332905e-17
7.330318956375136622e+03 3.470186782293481617e-17
7.334524030208602198e+03 3.714832727645430018e-17
7.338729104042067775e+03 3.695074360661743378e-17
7.342934177875533351e+03 3.733395653207855023e-17
7.347139251708998927e+03 3.412089586534697207e-17
7.351344325542464503e+03 3.643316015373075330e-17
7.355549399375930079e+03 3.913181043240540440e-17
7.359754473209395655e+03 4.266856010771878313e-17
7.363959547042861232e+03 4.525560386942532951e-17
7.368164620876326808e+03 4.571817981157723365e-17
7.372369694709792384e+03 5.180936578885031842e-17
7.376574768543257960e+03 4.693690140399856166e-17
7.380779842376723536e+03 4.842031417499195810e-17
7.384984916210189112e+03 4.651451651344938403e-17
7.389189990043654689e+03 5.308587091014215073e-17
7.393395063877120265e+03 5.366485101681496713e-17
7.397600137710585841e+03 5.234582881203790920e-17
7.401805211544051417e+03 5.841590514007864070e-17
7.406010285377516993e+03 5.476323768244453088e-17
7.410215359210982569e+03 5.156794154654814155e-17
7.414420433044448146e+03 5.311579499598186906e-17
7.418625506877913722e+03 5.358495860453214550e-17
7.422830580711379298e+03 5.364226898609226947e-17
7.427035654544844874e+03 4.955996722702056729e-17
7.431240728378310450e+03 4.653200972904365546e-17
7.435445802211776027e+03 4.694998078384425013e-17
7.439650876045241603e+03 4.411032598923135973e-17
7.443855949878707179e+03 4.598484298872962850e-17
7.448061023712172755e+03 4.663761422348707540e-17
7.452266097545638331e+03 4.880879458659381223e-17
7.456471171379103907e+03 4.910553405081863516e-17
7.460676245212569484e+03 4.913911427496583787e-17
7.464881319046035060e+03 4.384941998914233395e-17
7.469086392879500636e+03 4.614893246120299771e-17
7.473291466712966212e+03 5.065934650938519468e-17
7.477496540546431788e+03 5.591845496487893785e-17
7.481701614379897364e+03 6.450031485377369107e-17
7.485906688213362941e+03 6.075844754760431296e-17
7.490111762046828517e+03 5.914444611894594493e-17
7.494316835880294093e+03 5.723709997529667160e-17
7.498521909713759669e+03 5.859638933229281092e-17
7.502726983547225245e+03 5.748425492488261584e-17
7.506932057380690821e+03 6.093147387941570507e-17
7.511137131214156398e+03 6.471955742076964595e-17
7.515342205047621974e+03 5.747756468808828696e-17
7.519547278881088459e+03 5.480807418036735519e-17
7.523752352714554036e+03 5.597222170469488465e-17
7.527957426548019612e+03 5.524627807295099692e-17
7.532162500381485188e+03 5.338916495354084385e-17
7.536367574214950764e+03 5.441115652651746018e-17
7.540572648048416340e+03 5.583934341109436628e-17
7.544777721881881916e+03 5.315191301024838446e-17
7.548982795715347493e+03 5.348327163746977671e-17
7.553187869548813069e+03 5.101268828856579619e-17
7.557392943382278645e+03 4.687012807623083105e-17
7.561598017215744221e+03 4.347162344233221473e-17
7.565803091049209797e+03 4.537338777120798023e-17
7.570008164882675374e+03 4.325928287036740231e-17
7.574213238716140950e+03 4.336226685663025426e-17
7.578418312549606526e+03 4.528716908160035305e-17
7.582623386383072102e+03 4.498905649755869209e-17
7.586828460216537678e+03 4.197106156287936892e-17
7.591033534050003254e+03 3.004511890694708818e-17
7.595238607883468831e+03 2.091492098999093291e-17
7.599443681716934407e+03 1.204098031808125541e-17
7.603648755550399983e+03 9.823324812258226721e-18
7.607853829383865559e+03 1.456655463410776120e-17
7.612058903217331135e+03 1.985824077084629281e-17
7.616263977050796711e+03 2.580195533415219870e-17
7.620469050884262288e+03 2.471047562663745273e-17
7.624674124717727864e+03 1.979733049926033807e-17
7.628879198551193440e+03 1.903797373385298334e-17
7.633084272384659016e+03 1.714922591909635229e-17
7.637289346218124592e+03 1.920504436525399366e-17
7.641494420051590168e+03 2.011214882295311998e-17
7.645699493885055745e+03 2.421244672343152583e-17
7.649904567718521321e+03 2.573033141927245714e-17
7.654109641551986897e+03 2.928068490693988297e-17
7.658314715385452473e+03 2.802438946237394623e-17
7.662519789218918049e+03 2.724672719001079301e-17
7.666724863052383625e+03 2.417628404141193256e-17
7.670929936885849202e+03 2.643443251976126962e-17
7.675135010719314778e+03 2.716645758336864720e-17
7.679340084552780354e+03 2.746419959049588441e-17
7.683545158386245930e+03 2.914806800241293136e-17
7.687750232219711506e+03 3.045746844230477247e-17
7.691955306053177083e+03 2.972527463385243407e-17
7.696160379886642659e+03 2.820532033211889508e-17
7.700365453720108235e+03 2.491522598930147857e-17
7.704570527553573811e+03 2.161951178140237678e-17
7.708775601387039387e+03 2.117803556231547527e-17
7.712980675220504963e+03 1.759347319323530643e-17
7.717185749053971449e+03 2.432936539429344608e-17
7.721390822887437025e+03 2.791247523421797180e-17
7.725595896720902601e+03 2.863287344713530403e-17
7.729800970554368178e+03 2.703996346973581310e-17
7.734006044387833754e+03 2.221847657167447433e-17
7.738211118221299330e+03 2.378459582339459779e-17
7.742416192054764906e+03 2.379915751089798129e-17
7.746621265888230482e+03 2.313393555356038622e-17
7.750826339721696058e+03 2.613505765810485274e-17
7.755031413555161635e+03 2.728233731538120085e-17
7.759236487388627211e+03 2.748599579963665669e-17
7.763441561222092787e+03 2.460077658816189531e-17
7.767646635055558363e+03 2.158510437664262104e-17
7.771851708889023939e+03 1.925053102713828465e-17
7.776056782722489515e+03 2.082138836940711186e-17
7.780261856555955092e+03 2.364920620945436844e-17
7.784466930389420668e+03 3.185831204455312569e-17
7.788672004222886244e+03 3.470065683051803854e-17
7.792877078056351820e+03 3.146261861800980916e-17
7.797082151889817396e+03 2.807366295710250498e-17
7.801287225723282972e+03 2.156405263005314649e-17
7.805492299556748549e+03 1.951394834756702142e-17
7.809697373390214125e+03 2.134597638772089138e-17
7.813902447223679701e+03 2.495783737137653523e-17
7.818107521057145277e+03 3.148689140590456520e-17
7.822312594890610853e+03 2.894287096221812689e-17
7.826517668724076429e+03 2.528110948092960908e-17
7.830722742557542006e+03 2.503303305214128077e-17
7.834927816391007582e+03 2.297417389005189446e-17
7.839132890224473158e+03 2.280241479893893358e-17
7.843337964057938734e+03 2.159396513536428907e-17
7.847543037891404310e+03 2.040332301601668614e-17
7.851748111724869887e+03 2.736290636140509085e-17
7.855953185558335463e+03 2.731050943268353186e-17
7.860158259391801039e+03 2.759920539263188916e-17
7.864363333225266615e+03 2.588000975111392750e-17
7.868568407058732191e+03 2.016074402957938525e-17
7.872773480892197767e+03 1.988130587504672144e-17
7.876978554725663344e+03 2.408181008929102617e-17
7.881183628559128920e+03 2.235123905998923527e-17
7.885388702392594496e+03 2.746675392422744816e-17
7.889593776226060072e+03 2.727726504386502568e-17
7.893798850059525648e+03 2.797005031357411274e-17
7.898003923892991224e+03 2.343893358902093859e-17
7.902208997726456801e+03 2.309785889832449848e-17
7.906414071559922377e+03 2.431335283199564457e-17
7.910619145393387953e+03 3.127769742898990450e-17
7.914824219226853529e+03 3.774121063486290787e-17
7.919029293060319105e+03 3.131276657823970266e-17
7.923234366893784681e+03 2.198838304940304883e-17
7.927439440727250258e+03 2.052675656138307404e-17
7.931644514560715834e+03 2.393137902309213255e-17
7.935849588394181410e+03 2.190252831926494499e-17
7.940054662227646986e+03 2.695043274895552360e-17
7.944259736061112562e+03 2.911181763924840747e-17
7.948464809894578138e+03 2.858813621088598608e-17
7.952669883728043715e+03 2.326346872876374015e-17
7.956874957561509291e+03 2.025484575042464278e-17
7.961080031394974867e+03 1.577071950210938103e-17
7.965285105228440443e+03 1.995947775165543277e-17
7.969490179061906019e+03 2.536063958810413248e-17
7.973695252895371596e+03 2.474051551776292848e-17
7.977900326728837172e+03 2.503387677636608486e-17
7.982105400562302748e+03 2.749920752838035364e-17
7.986310474395768324e+03 2.828937180852163333e-17
7.990515548229233900e+03 2.291856419183117952e-17
7.994720622062699476e+03 2.177353777454342585e-17
7.998925695896165053e+03 2.273047655542642187e-17
8.003130769729630629e+03 2.322219737928101938e-17
8.007335843563096205e+03 2.325871574896401045e-17
8.011540917396561781e+03 2.154067981466484814e-17
8.015745991230027357e+03 2.324185615371895464e-17
8.019951065063492933e+03 2.377350994882516212e-17
8.024156138896958510e+03 2.281522286354370466e-17
8.028361212730424086e+03 2.188357926579258023e-17
8.032566286563889662e+03 2.172634050315237520e-17
8.036771360397355238e+03 2.254507229292878625e-17
8.040976434230820814e+03 2.222568296917103631e-17
8.045181508064286390e+03 2.380029902014330447e-17
8.049386581897751967e+03 2.214023686625553365e-17
8.053591655731217543e+03 2.024423302316558744e-17
8.057796729564683119e+03 2.298894568143086643e-17
8.062001803398148695e+03 2.112119336498205632e-17
8.066206877231614271e+03 2.145126489917031606e-17
8.070411951065079847e+03 2.027915327990512605e-17
8.074617024898545424e+03 1.968322920556477343e-17
8.078822098732011000e+03 2.079979068361335231e-17
8.083027172565476576e+03 1.907775119514943334e-17
8.087232246398943062e+03 2.139012963445774689e-17
8.091437320232408638e+03 2.260848064996465114e-17
8.095642394065874214e+03 2.406967369534364815e-17
8.099847467899339790e+03 2.135628636687575231e-17
8.104052541732805366e+03 2.302231249298003046e-17
8.108257615566270943e+03 2.340144907238248559e-17
8.112462689399736519e+03 2.203238409490719459e-17
8.116667763233202095e+03 1.917946297763017873e-17
8.120872837066667671e+03 1.935238673904561427e-17
8.125077910900133247e+03 1.784266300712813113e-17
8.129282984733598823e+03 1.656240414021653318e-17
8.133488058567064400e+03 1.902783580826553344e-17
8.137693132400529976e+03 2.087364633178576194e-17
8.141898206233995552e+03 2.447689140218105346e-17
8.146103280067461128e+03 2.311650189497021861e-17
8.150308353900926704e+03 2.333631521658883508e-17
8.154513427734392280e+03 2.142563718943219815e-17
8.158718501567857857e+03 2.068702115070399804e-17
8.162923575401323433e+03 1.729844102979479295e-17
8.167128649234789009e+03 1.693085520046602830e-17
8.171333723068254585e+03 1.598234869874739784e-17
8.175538796901720161e+03 1.975691280016977203e-17
8.179743870735185737e+03 2.040499888393771858e-17
8.183948944568651314e+03 2.021200441213929637e-17
8.188154018402116890e+03 2.425952322645314374e-17
8.192359092235583375e+03 2.132777014243859924e-17
8.196564166069048952e+03 2.161512441543339552e-17
8.200769239902514528e+03 1.864444255743088043e-17
8.204974313735980104e+03 1.823672688786471819e-17
8.209179387569445680e+03 1.872440445288515651e-17
8.213384461402911256e+03 1.829145812027490182e-17
8.217589535236376832e+03 2.023393131581685203e-17
8.221794609069842409e+03 2.214998601695508364e-17
8.225999682903307985e+03 2.323613537260253790e-17
8.230204756736773561e+03 2.602305905752639789e-17
8.234409830570239137e+03 2.343271649953699003e-17
8.238614904403704713e+03 2.104280311269163099e-17
8.242819978237170290e+03 1.996344987295691240e-17
8.247025052070635866e+03 1.852450964041681695e-17
8.251230125904101442e+03 1.816294072286376302e-17
8.255435199737567018e+03 1.893520977763307050e-17
8.259640273571032594e+03 2.066458635813033483e-17
8.263845347404498170e+03 2.189047629774004737e-17
8.268050421237963747e+03 2.532061231826269147e-17
8.272255495071429323e+03 2.537814107550452944e-17
8.276460568904894899e+03 2.302282865368226355e-17
8.280665642738360475e+03 2.167070929823573387e-17
8.284870716571826051e+03 1.607399534753459799e-17
8.289075790405291627e+03 1.090185087138039228e-17
8.293280864238757204e+03 1.235151963646530051e-17
8.297485938072222780e+03 1.476006692096964160e-17
8.301691011905688356e+03 1.576655382054456398e-17
8.305896085739153932e+03 1.903119912463617405e-17
8.310101159572619508e+03 2.156793541584847040e-17
8.314306233406085084e+03 2.002460664436540795e-17
8.318511307239550661e+03 2.194565255331978453e-17
8.322716381073016237e+03 2.263180548887742141e-17
8.326921454906481813e+03 2.112664283085755566e-17
8.331126528739947389e+03 1.737230991285700343e-17
8.335331602573412965e+03 8.849803541635380155e-18
8.339536676406878541e+03 1.210462111286924770e-17
8.343741750240344118e+03 6.727074455728324369e-18
8.347946824073809694e+03 9.556827898408955030e-18
8.352151897907275270e+03 2.044056599591627366e-17
8.356356971740740846e+03 2.105685525693768182e-17
8.360562045574206422e+03 2.341658482323098089e-17
8.364767119407671998e+03 2.078033374124487999e-17
8.368972193241137575e+03 2.160587819054627778e-17
8.373177267074603151e+03 1.925188098589797120e-17
8.377382340908068727e+03 1.828984511808042342e-17
8.381587414741534303e+03 1.582977192603954167e-17
8.385792488574999879e+03 1.612304881222021764e-17
8.389997562408465456e+03 1.682729218777438923e-17
8.394202636241931032e+03 2.017432964395995617e-17
8.398407710075396608e+03 1.987855963541304539e-17
8.402612783908862184e+03 1.731222351316115149e-17
8.406817857742327760e+03 2.205672636597340509e-17
8.411022931575793336e+03 2.195275472605916483e-17
8.415228005409258913e+03 1.928984857601415517e-17
8.419433079242724489e+03 1.255969866276835864e-17
8.423638153076190065e+03 3.666482201044357934e-18
8.427843226909655641e+03 4.232135187278026231e-18
8.432048300743121217e+03 1.260751301089637385e-17
8.436253374576586793e+03 1.804134848154091816e-17
8.440458448410052370e+03 2.115387361662280133e-17
8.444663522243517946e+03 2.332990622120277422e-17
8.448868596076983522e+03 2.493932010618392316e-17
8.453073669910449098e+03 2.546279639375443140e-17
8.457278743743914674e+03 1.988539380163395850e-17
8.461483817577380250e+03 1.751314899267273213e-17
8.465688891410845827e+03 1.613562526625347387e-17
8.469893965244311403e+03 1.532790655915259383e-17
8.474099039077776979e+03 1.706747069607406124e-17
8.478304112911242555e+03 1.898846697419168464e-17
8.482509186744708131e+03 2.175944096254429715e-17
8.486714260578173707e+03 2.541953981080158337e-17
8.490919334411639284e+03 2.526382306048847591e-17
8.495124408245104860e+03 2.327443548932496819e-17
8.499329482078570436e+03 2.617742254035736860e-17
8.503534555912036012e+03 2.528532810205362953e-17
8.507739629745501588e+03 2.245624302130794171e-17
8.511944703578967165e+03 1.873309481240063862e-17
8.516149777412432741e+03 1.793356188464158334e-17
8.520354851245898317e+03 1.810150932749189987e-17
8.524559925079363893e+03 1.978548858161102892e-17
8.528764998912829469e+03 2.352989533226094483e-17
8.532970072746295045e+03 2.243125224064148964e-17
8.537175146579760622e+03 2.820387111168570218e-17
8.541380220413226198e+03 3.012716529754499788e-17
8.545585294246691774e+03 2.807455300344161204e-17
8.549790368080157350e+03 2.435113347929339155e-17
8.553995441913622926e+03 2.363386697217518509e-17
8.558200515747088502e+03 2.351256258970550869e-17
8.562405589580554079e+03 2.133572596557013426e-17
8.566610663414019655e+03 2.008298574327695043e-17
8.570815737247485231e+03 2.404592203123480051e-17
8.575020811080950807e+03 2.422728965234317736e-17
8.579225884914416383e+03 3.013603267371156634e-17
8.583430958747881959e+03 2.899582706503377172e-17
8.587636032581347536e+03 2.802915733142470188e-17
8.591841106414813112e+03 2.766873488620064645e-17
8.596046180248278688e+03 2.459886910966934803e-17
8.600251254081744264e+03 2.408534876795152802e-17
8.604456327915209840e+03 2.090463582625444857e-17
8.608661401748675416e+03 2.019094935682737161e-17
8.612866475582140993e+03 2.747327045309314091e-17
8.617071549415606569e+03 3.592825572527328563e-17
8.621276623249072145e+03 4.196932779231545777e-17
8.625481697082537721e+03 5.090845691393921428e-17
8.629686770916003297e+03 5.290392095388253655e-17
8.633891844749468873e+03 4.038902239309004989e-17
8.638096918582934450e+03 2.998090322163337153e-17
8.642301992416400026e+03 2.528201276215851699e-17
8.646507066249865602e+03 1.850515692280552631e-17
8.650712140083331178e+03 1.764074987396516218e-17
8.654917213916796754e+03 2.528346529131416011e-17
8.659122287750262331e+03 3.117564319373556216e-17
8.663327361583727907e+03 4.060999873064991591e-17
8.667532435417193483e+03 4.939497116459583997e-17
8.671737509250659059e+03 5.039806662365929493e-17
8.675942583084124635e+03 4.582591512327859019e-17
8.680147656917590211e+03 3.964925822767162618e-17
8.684352730751055788e+03 3.620452081497619603e-17
8.688557804584521364e+03 2.880528766529340690e-17
8.692762878417986940e+03 2.731689526701244124e-17
8.696967952251452516e+03 2.755326874449436932e-17
8.701173026084918092e+03 3.094326499861226520e-17
8.705378099918383668e+03 3.113735465754170761e-17
8.709583173751849245e+03 3.485730498620088070e-17
8.713788247585314821e+03 3.934890232980872140e-17
8.717993321418780397e+03 3.785838904043716978e-17
8.722198395252245973e+03 3.006957367457660589e-17
8.726403469085711549e+03 2.392423052823844929e-17
8.730608542919177125e+03 2.664223187016316591e-17
8.734813616752642702e+03 2.843114063934587164e-17
8.739018690586108278e+03 2.530874393083378063e-17
8.743223764419573854e+03 3.080540707772417761e-17
8.747428838253039430e+03 3.676343682871092619e-17
8.751633912086505006e+03 4.930768375763679428e-17
8.755838985919970582e+03 5.015089513046109963e-17
8.760044059753436159e+03 5.265707371548446203e-17
8.764249133586903554e+03 4.761572221060652850e-17
8.768454207420369130e+03 2.864046365643609061e-17
8.772659281253834706e+03 2.617905043180287296e-17
8.776864355087300282e+03 2.997902055855920084e-17
8.781069428920765858e+03 2.719089415302468874e-17
8.785274502754231435e+03 3.552831059038144654e-17
8.789479576587697011e+03 4.020462067349482853e-17
8.793684650421162587e+03 4.313564914729277658e-17
8.797889724254628163e+03 4.367370366597891939e-17
8.802094798088093739e+03 3.980019221968295203e-17
8.806299871921559316e+03 3.892567371503473969e-17
8.810504945755024892e+03 4.102378425155099226e-17
8.814710019588490468e+03 3.390710607294896675e-17
8.818915093421956044e+03 2.010235169577804192e-17
8.823120167255421620e+03 1.820630153057379273e-17
8.827325241088887196e+03 1.554836673601022677e-17
8.831530314922352773e+03 2.754344349317846446e-17
8.835735388755818349e+03 3.609287790206113899e-17
8.839940462589283925e+03 4.221972198118015968e-17
8.844145536422749501e+03 4.118760571750589429e-17
8.848350610256215077e+03 3.864486574940768806e-17
8.852555684089680653e+03 3.839196024020327517e-17
8.856760757923146230e+03 3.735914583609201503e-17
8.860965831756611806e+03 3.095434260137557535e-17
8.865170905590077382e+03 2.818279124095540082e-17
8.869375979423542958e+03 3.251321078784605897e-17
8.873581053257008534e+03 3.635303943959886704e-17
8.877786127090474110e+03 3.166447384852989939e-17
8.881991200923939687e+03 4.496162057100153327e-17
8.886196274757405263e+03 4.182464728573503281e-17
8.890401348590870839e+03 4.370921287531459576e-17
8.894606422424336415e+03 4.869827333058937709e-17
8.898811496257801991e+03 4.252472332536316225e-17
8.903016570091267567e+03 4.005277016536479392e-17
8.907221643924733144e+03 3.461666821984185432e-17
8.911426717758198720e+03 2.883375260453258169e-17
8.915631791591664296e+03 2.433820464631918773e-17
8.919836865425129872e+03 2.231857038887706600e-17
8.924041939258595448e+03 2.559303763556213071e-17
8.928247013092061025e+03 3.245931500785455390e-17
8.932452086925526601e+03 3.604837889382823631e-17
8.936657160758992177e+03 3.694181336472431129e-17
8.940862234592457753e+03 3.994084601104146886e-17
8.945067308425923329e+03 4.046376974196279168e-17
8.949272382259388905e+03 3.649276347994887427e-17
8.953477456092854482e+03 3.827778615461380587e-17
8.957682529926320058e+03 3.732940042126460815e-17
8.961887603759785634e+03 3.016048413261863384e-17
8.966092677593251210e+03 2.625656883572766739e-17
8.970297751426716786e+03 2.200457097399071159e-17
8.974502825260182362e+03 2.316457432344935037e-17
8.978707899093647939e+03 2.389967980765787543e-17
8.982912972927113515e+03 2.238925462658094732e-17
8.987118046760579091e+03 2.248847659541790809e-17
8.991323120594044667e+03 3.065909537097579807e-17
8.995528194427510243e+03 3.288789382683052860e-17
8.999733268260975819e+03 3.619211310578790061e-17
9.003938342094441396e+03 3.065605134632160293e-17
9.008143415927906972e+03 2.625923401166131325e-17
9.012348489761372548e+03 2.622694749799214347e-17
9.016553563594838124e+03 2.022825851117596337e-17
9.020758637428303700e+03 2.181872830576842286e-17
9.024963711261769276e+03 1.910274859326078584e-17
9.029168785095234853e+03 1.618515353261069895e-17
9.033373858928700429e+03 1.949505885109876048e-17
9.037578932762166005e+03 2.024770718173831015e-17
9.041784006595631581e+03 2.588784811459847999e-17
9.045989080429097157e+03 2.993909089603004109e-17
9.050194154262562733e+03 3.133569602481967259e-17
9.054399228096028310e+03 2.840590501321810387e-17
9.058604301929493886e+03 2.385591202708646963e-17
9.062809375762959462e+03 2.278345747366044329e-17
9.067014449596425038e+03 2.079514689165447961e-17
9.071219523429890614e+03 1.781354624956626455e-17
9.075424597263356191e+03 1.767195443539311259e-17
9.079629671096821767e+03 1.850217245515543499e-17
9.083834744930287343e+03 2.078624477390218393e-17
9.088039818763752919e+03 2.052888076119611021e-17
9.092244892597218495e+03 2.107603757534278654e-17
9.096449966430684071e+03 2.484223060896612409e-17
9.100655040264149648e+03 2.434102698656921866e-17
9.104860114097615224e+03 2.297552881189525632e-17
9.109065187931080800e+03 2.505266370243838922e-17
9.113270261764546376e+03 2.081836585144884310e-17
9.117475335598011952e+03 1.868291307335949664e-17
9.121680409431477528e+03 2.127148711919926613e-17
9.125885483264943105e+03 1.317715342127285402e-17
9.130090557098408681e+03 2.118307640096837342e-17
9.134295630931874257e+03 1.706773704823130332e-17
9.138500704765339833e+03 1.593848661958616100e-17
9.142705778598805409e+03 2.107276028575585144e-17
9.146910852432270985e+03 2.257321297736784025e-17
9.151115926265736562e+03 2.676121352947279341e-17
9.155321000099202138e+03 2.318832598755819801e-17
9.159526073932667714e+03 2.493069922983989550e-17
9.163731147766135109e+03 2.234620318442001244e-17
9.167936221599600685e+03 2.296446113529929681e-17
9.172141295433066261e+03 2.055000529967948943e-17
9.176346369266531838e+03 2.194442336292953073e-17
9.180551443099997414e+03 1.600949842081261332e-17
9.184756516933462990e+03 1.687193512543387614e-17
9.188961590766928566e+03 1.629836147124470632e-17
9.193166664600394142e+03 1.610027818431785789e-17
9.197371738433859718e+03 2.054531022252263845e-17
9.201576812267325295e+03 1.993528437309948181e-17
9.205781886100790871e+03 2.291064972773027215e-17
9.209986959934256447e+03 2.526960008988654626e-17
9.214192033767722023e+03 2.034874563920043738e-17
9.218397107601187599e+03 2.122245846993202307e-17
9.222602181434653176e+03 2.373250660586090854e-17
9.226807255268118752e+03 1.969020730121227077e-17
9.231012329101584328e+03 1.407843700900144468e-17
9.235217402935049904e+03 1.682787617728685167e-17
9.239422476768515480e+03 1.606522888740276100e-17
9.243627550601981056e+03 1.425108449209228751e-17
9.247832624435446633e+03 1.523516472323437347e-17
9.252037698268912209e+03 1.741424300682976661e-17
9.256242772102377785e+03 1.756259950405237723e-17
9.260447845935843361e+03 2.051029070410959347e-17
9.264652919769308937e+03 2.177396956282317853e-17
9.268857993602774513e+03 2.233220728845561521e-17
9.273063067436240090e+03 1.830979671445520245e-17
9.277268141269705666e+03 1.307757659195310799e-17
9.281473215103171242e+03 1.442992424924870230e-17
9.285678288936636818e+03 1.422102309427088538e-17
9.289883362770102394e+03 1.312840353187204133e-17
9.294088436603567970e+03 1.660543076695909147e-17
9.298293510437033547e+03 2.928209442270367333e-17
9.302498584270499123e+03 3.952557156503779705e-17
9.306703658103964699e+03 3.639934831901203574e-17
9.310908731937430275e+03 3.833005735188225679e-17
9.315113805770895851e+03 3.380350666431037536e-17
9.319318879604361427e+03 2.948395296194621378e-17
9.323523953437827004e+03 2.085094849577730686e-17
9.327729027271292580e+03 1.079864106481031336e-17
9.331934101104758156e+03 7.374741158925706531e-18
9.336139174938223732e+03 7.934447130145424836e-18
9.340344248771689308e+03 5.760086257583421615e-18
9.344549322605154885e+03 9.026959986245249539e-18
9.348754396438620461e+03 9.000230471931211003e-18
9.352959470272086037e+03 9.859598336479902090e-18
9.357164544105551613e+03 1.523128524616149977e-17
9.361369617939017189e+03 1.737976777325978152e-17
9.365574691772482765e+03 3.511992821324156657e-17
9.369779765605948342e+03 4.004173557599333654e-17
9.373984839439413918e+03 2.827667954920261967e-17
9.378189913272879494e+03 1.994388043402513288e-17
9.382394987106345070e+03 1.018357272237303346e-17
9.386600060939810646e+03 8.545521844585298712e-18
9.390805134773276222e+03 1.086188481290428019e-17
9.395010208606741799e+03 8.047769219703964521e-18
9.399215282440207375e+03 6.878283898883630381e-18
9.403420356273672951e+03 1.205908233860636587e-17
9.407625430107138527e+03 2.299704874271143589e-17
9.411830503940604103e+03 2.379678846562362942e-17
9.416035577774069679e+03 2.425002553865980988e-17
9.420240651607535256e+03 2.274171793995101752e-17
9.424445725441000832e+03 1.553167588561013177e-17
9.428650799274466408e+03 2.872677705822385511e-18
9.432855873107931984e+03 -3.361823102839799173e-18
9.437060946941397560e+03 -8.915706261808398699e-19
9.441266020774863136e+03 -9.543004883192581384e-18
9.445471094608328713e+03 4.202341795975091281e-18
9.449676168441794289e+03 9.924447642142834354e-18
9.453881242275259865e+03 1.279918399371471121e-17
9.458086316108725441e+03 1.541454545651139795e-17
9.462291389942191017e+03 2.351934877945089373e-17
9.466496463775656593e+03 3.681539369734660697e-17
9.470701537609122170e+03 3.800940244178730072e-17
9.474906611442587746e+03 3.087237231139402052e-17
9.479111685276053322e+03 2.136588166198136743e-17
9.483316759109518898e+03 1.294142928057178006e-17
9.487521832942984474e+03 1.598384589565611882e-17
9.491726906776450051e+03 6.412255304854929907e-18
9.495931980609915627e+03 3.577642176075550209e-18
9.500137054443381203e+03 1.503009506885390217e-18
9.504342128276846779e+03 1.439655330179647551e-18
9.508547202110312355e+03 2.816023237128985465e-17
9.512752275943777931e+03 2.804479766244685453e-17
9.516957349777243508e+03 2.960266992345982431e-17
9.521162423610709084e+03 2.940730309766460002e-17
9.525367497444174660e+03 2.012853361652657035e-17
9.529572571277640236e+03 1.419145635045578996e-17
9.533777645111105812e+03 1.730281019779029804e-17
9.537982718944571388e+03 1.273915053357806268e-17
9.542187792778036965e+03 9.319765379476770275e-18
9.546392866611502541e+03 9.890085732316769031e-18
9.550597940444968117e+03 9.233643470000811799e-18
9.554803014278433693e+03 2.384439105551483106e-17
9.559008088111899269e+03 2.227675640891251045e-17
9.563213161945364845e+03 1.370902724642200060e-17
9.567418235778830422e+03 2.127836760753448221e-17
9.571623309612295998e+03 2.043913993654023224e-17
9.575828383445761574e+03 1.273656890288628468e-17
9.580033457279227150e+03 1.426039854578963460e-17
9.584238531112692726e+03 1.162236075368041916e-17
9.588443604946158302e+03 8.368463007287710586e-18
9.592648678779623879e+03 1.415309005928435543e-17
9.596853752613089455e+03 1.467048656935259892e-17
9.601058826446555031e+03 1.206103283049076591e-17
9.605263900280020607e+03 1.624055974440072585e-17
9.609468974113486183e+03 2.477211712588490435e-17
9.613674047946951760e+03 2.328035479378839765e-17
9.617879121780417336e+03 2.626354527701393963e-17
9.622084195613882912e+03 1.874056259897076735e-17
9.626289269447348488e+03 1.696089343723027894e-17
9.630494343280814064e+03 1.246072402093455122e-17
9.634699417114279640e+03 1.043912355517639094e-17
9.638904490947745217e+03 1.128603077097758322e-17
9.643109564781210793e+03 1.161970715827534905e-17
9.647314638614676369e+03 1.462941539757811599e-17
9.651519712448141945e+03 1.814171857706810254e-17
9.655724786281607521e+03 1.770055337789152097e-17
9.659929860115073097e+03 1.593401322683347422e-17
9.664134933948538674e+03 1.800824471342654600e-17
9.668340007782004250e+03 2.629351733932918603e-17
9.672545081615469826e+03 1.875114389336654568e-17
9.676750155448935402e+03 1.500370966167468569e-17
9.680955229282400978e+03 3.361172732083179355e-18
9.685160303115866554e+03 1.400444239448612614e-17
9.689365376949332131e+03 9.869718064093875831e-18
9.693570450782797707e+03 2.006324425077775988e-17
9.697775524616263283e+03 3.123673544505627857e-17
9.701980598449728859e+03 2.243876138624224602e-17
9.706185672283194435e+03 2.629528750584004951e-17
9.710390746116660011e+03 3.048348492693079030e-17
9.714595819950125588e+03 2.319050312693043758e-17
9.718800893783591164e+03 1.573696226131109197e-17
9.723005967617056740e+03 1.120914433304077929e-17
9.727211041450522316e+03 1.104742721456421217e-17
9.731416115283987892e+03 7.442884297787824951e-18
9.735621189117453468e+03 1.221608783631383094e-17
9.739826262950919045e+03 5.415840983599065747e-18
9.744031336784384621e+03 5.458685217016556092e-18
9.748236410617850197e+03 1.333367998140565089e-17
9.752441484451315773e+03 1.747008431562199640e-17
9.756646558284781349e+03 2.047645239961127421e-17
9.760851632118246926e+03 2.303031132950341824e-17
9.765056705951712502e+03 2.213710681481763300e-17
9.769261779785178078e+03 1.892724568269540995e-17
9.773466853618643654e+03 1.885940860065993615e-17
9.777671927452109230e+03 2.328228708769932153e-17
9.781877001285574806e+03 1.144988118825392460e-17
9.786082075119040383e+03 5.432523562193035209e-18
9.790287148952505959e+03 1.787889351795795374e-17
9.794492222785971535e+03 1.464494984948186185e-17
9.798697296619437111e+03 6.942977694591402675e-18
9.802902370452902687e+03 1.446601413937439090e-17
9.807107444286368263e+03 1.149720667263992097e-17
9.811312518119833840e+03 1.557185039360060722e-17
9.815517591953299416e+03 1.857464174862120574e-17
9.819722665786764992e+03 1.307278804338703852e-17
9.823927739620230568e+03 1.023711777778481605e-17
9.828132813453696144e+03 1.136682894603115041e-17
9.832337887287161720e+03 1.241846005471676682e-17
9.836542961120627297e+03 1.445903438936566845e-17
9.840748034954094692e+03 1.216970120192308226e-17
9.844953108787560268e+03 9.172656270617889621e-18
9.849158182621025844e+03 1.135777462704614497e-17
9.853363256454491420e+03 1.179800593931115417e-17
9.857568330287956996e+03 1.889482185704455638e-17
9.861773404121422573e+03 2.118691782773306968e-17
9.865978477954888149e+03 2.562252000695474573e-17
9.870183551788353725e+03 1.820777722078658733e-17
9.874388625621819301e+03 6.722181268814766934e-18
9.878593699455284877e+03 1.226376156373771214e-17
9.882798773288750454e+03 1.853371616063453214e-17
9.887003847122216030e+03 9.814436756576344438e-18
9.891208920955681606e+03 1.108519214543032065e-17
9.895413994789147182e+03 1.782156659278557871e-17
9.899619068622612758e+03 2.052066520335223354e-17
9.903824142456078334e+03 3.030118093736900342e-17
9.908029216289543911e+03 2.114471341851938911e-17
9.912234290123009487e+03 1.482255214444189731e-17
9.916439363956475063e+03 1.425956143900973094e-17
9.920644437789940639e+03 6.076407982039518652e-18
9.924849511623406215e+03 4.677697265000633418e-18
9.929054585456871791e+03 -2.178968268573923584e-18
9.933259659290337368e+03 -8.262410180952286907e-18
9.937464733123802944e+03 2.055546138299988921e-17
9.941669806957268520e+03 2.202396670499385498e-17
9.945874880790734096e+03 1.557497051887115724e-17
9.950079954624199672e+03 3.059097208444838093e-17
9.954285028457665248e+03 2.265494503933297981e-17
9.958490102291130825e+03 6.160237360447786412e-18
9.962695176124596401e+03 1.426036711292635759e-17
9.966900249958061977e+03 1.223509479242907441e-17
9.971105323791527553e+03 8.178755751243574113e-18
9.975310397624993129e+03 3.473436444047957441e-18
9.979515471458458705e+03 1.407736994601125127e-17
9.983720545291924282e+03 1.374929605300230710e-17
9.987925619125389858e+03 2.425655861113775369e-17
9.992130692958855434e+03 2.438357881164017151e-17
