3.338269287109369998e+03 -3.862807315579224905e-18
3.342348367691035037e+03 8.002144418657377174e-18
3.346427448272700076e+03 3.828994570961833537e-17
3.350506528854365115e+03 5.893397683632188060e-19
3.354585609436030154e+03 6.973900187430472509e-17
3.358664690017695193e+03 2.338949796689231944e-17
3.362743770599360232e+03 3.744997357607278768e-18
3.366822851181025271e+03 3.609261320426512202e-17
3.370901931762690310e+03 1.158590194100153192e-17
3.374981012344355349e+03 5.643607150499012045e-17
3.379060092926020388e+03 1.254475068191891288e-17
3.383139173507685427e+03 6.412101614697117554e-17
3.387218254089350467e+03 -7.068915942852601139e-18
3.391297334671015506e+03 5.292686032662985711e-17
3.395376415252680545e+03 3.617259826077654959e-17
3.399455495834345584e+03 1.979445521945110374e-17
3.403534576416010623e+03 5.822830719459651445e-17
3.407613656997675662e+03 3.359385277497513517e-17
3.411692737579340701e+03 8.820269885044786855e-18
3.415771818161005740e+03 2.032620331314714227e-17
3.419850898742670779e+03 3.841246108450478941e-17
3.423929979324336273e+03 4.604964762663948290e-17
3.428009059906001312e+03 4.396241616953952774e-18
3.432088140487666351e+03 1.799138842690394040e-17
3.436167221069331390e+03 3.609694432195244967e-17
3.440246301650996429e+03 -5.070199842331026644e-18
3.444325382232661468e+03 1.122996612341996411e-17
3.448404462814326507e+03 3.385401431251286323e-17
3.452483543395991546e+03 2.241978586299027957e-17
3.456562623977656585e+03 3.021616331401080324e-17
3.460641704559321624e+03 -1.022337830781031026e-17
3.464720785140986663e+03 3.666115760032996943e-17
3.468799865722651703e+03 3.133799227820011980e-17
3.472878946304316742e+03 1.250425357348954175e-17
3.476958026885981781e+03 4.904198341871741115e-17
3.481037107467646820e+03 -1.344246581248494977e-17
3.485116188049311859e+03 3.274433828588317575e-17
3.489195268630976898e+03 2.160725461908556602e-17
3.493274349212641937e+03 1.889610233263278846e-17
3.497353429794306976e+03 2.475253279770209887e-17
3.501432510375972015e+03 3.084954874393245738e-17
3.505511590957637054e+03 1.994553148652778872e-17
3.509590671539302093e+03 1.839137326646518204e-17
3.513669752120967132e+03 3.627204522274012478e-17
3.517748832702632171e+03 2.351213741887065643e-17
3.521827913284297210e+03 2.885420050927489254e-17
3.525906993865962249e+03 2.124386590418489543e-17
3.529986074447627288e+03 8.518214958203698163e-18
3.534065155029292328e+03 -2.768899419376329521e-17
3.538144235610957367e+03 1.937052350115645196e-17
3.542223316192622406e+03 2.933364100975552780e-17
3.546302396774287445e+03 2.024568886104368077e-17
3.550381477355952484e+03 5.401113859973171642e-17
3.554460557937617523e+03 2.473836815689274082e-17
3.558539638519282562e+03 4.069690563452718721e-17
3.562618719100947601e+03 6.013524988090201504e-19
3.566697799682612640e+03 2.684696238049249047e-17
3.570776880264277679e+03 5.785840112364953856e-18
3.574855960845942718e+03 2.092807647045297626e-17
3.578935041427607757e+03 3.469443312358918956e-17
3.583014122009272796e+03 5.231632493394936781e-17
3.587093202590937835e+03 3.769245660955903242e-17
3.591172283172602874e+03 2.538064081531566469e-17
3.595251363754267913e+03 2.878026379740245271e-17
3.599330444335932953e+03 2.082636634233345598e-17
3.603409524917597992e+03 1.034267346857209536e-17
3.607488605499263031e+03 3.786652849766469157e-17
3.611567686080928524e+03 1.891894575242905287e-17
3.615646766662593564e+03 2.822521898893447072e-17
3.619725847244258603e+03 2.254476292737969142e-17
3.623804927825923642e+03 3.712142736293407572e-17
3.627884008407588681e+03 3.162652280202596648e-17
3.631963088989253720e+03 2.831929920308380187e-17
3.636042169570918759e+03 2.969288224106485751e-17
3.640121250152583798e+03 1.832246581271706462e-17
3.644200330734248837e+03 8.399064554049109844e-18
3.648279411315913876e+03 1.486360677260412918e-17
3.652358491897578915e+03 1.989597840475218704e-17
3.656437572479243954e+03 1.900460857666504442e-17
3.660516653060908993e+03 2.063888916522076247e-17
3.664595733642574032e+03 2.836359307052479140e-17
3.668674814224239071e+03 2.833673617039641969e-17
3.672753894805904110e+03 4.225779545041475043e-17
3.676832975387569149e+03 2.016942942601119204e-17
3.680912055969234189e+03 1.735932979468482131e-17
3.684991136550899228e+03 2.612853616615548466e-17
3.689070217132564267e+03 2.707396059291174254e-17
3.693149297714229306e+03 1.302540382917755088e-17
3.697228378295894345e+03 2.720286511084955616e-17
3.701307458877559384e+03 3.325424219396291392e-17
3.705386539459224423e+03 3.601762100993106453e-17
3.709465620040889462e+03 1.967981460399615453e-17
3.713544700622554501e+03 3.084865208014844990e-17
3.717623781204219540e+03 1.722197810833161618e-17
3.721702861785884579e+03 1.926399091006574752e-17
3.725781942367549618e+03 1.979700293573776707e-17
3.729861022949214657e+03 1.382739017463343844e-17
3.733940103530879696e+03 3.310467139560107545e-17
3.738019184112544735e+03 1.626634130973277862e-17
3.742098264694209774e+03 3.656477120663284043e-17
3.746177345275874814e+03 3.544528150921582384e-17
3.750256425857539853e+03 1.440964674371257738e-17
3.754335506439204892e+03 1.426371719440719735e-17
3.758414587020869931e+03 2.704645187446067905e-17
3.762493667602535425e+03 4.108664336066012194e-17
3.766572748184200464e+03 1.844675797155928256e-17
3.770651828765865503e+03 2.402772571211985901e-17
3.774730909347530542e+03 3.318749202725233480e-17
3.778809989929195581e+03 2.939517332116212242e-17
3.782889070510860620e+03 3.041115625416915356e-17
3.786968151092525659e+03 3.167976345497232956e-17
3.791047231674190698e+03 2.691832986938234059e-17
3.795126312255855737e+03 3.313561456795545911e-17
3.799205392837520776e+03 3.439115562380274749e-17
3.803284473419185815e+03 2.588394382210722970e-17
3.807363554000850854e+03 2.679245117812524595e-17
3.811442634582515893e+03 4.374015604766897942e-17
3.815521715164180932e+03 7.635714160644349103e-17
3.819600795745845971e+03 7.645070565989058910e-17
3.823679876327511010e+03 8.542775935823867682e-17
3.827758956909176050e+03 5.498761869540566517e-17
3.831838037490841089e+03 3.339773486918371274e-17
3.835917118072506128e+03 2.845094334321039112e-17
3.839996198654171167e+03 2.524994462417106121e-17
3.844075279235836206e+03 3.242135403518327035e-17
3.848154359817501245e+03 2.982136985997394440e-17
3.852233440399166284e+03 3.445053064817180381e-17
3.856312520980831323e+03 2.820917499377339219e-17
3.860391601562496362e+03 3.055861277888530648e-17
3.864470682144161401e+03 2.363500351833683295e-17
3.868549762725826440e+03 2.472454762321820484e-17
3.872628843307491479e+03 2.644505351882645049e-17
3.876707923889156518e+03 3.122345423314112716e-17
3.880787004470821557e+03 3.701850293367532760e-17
3.884866085052486596e+03 2.603983758907142351e-17
3.888945165634151635e+03 3.245365709246469119e-17
3.893024246215816675e+03 2.378545609123165294e-17
3.897103326797481714e+03 3.321726722058179358e-17
3.901182407379146753e+03 2.969121464494995060e-17
3.905261487960811792e+03 3.061767347462159266e-17
3.909340568542476831e+03 4.174332550535371955e-17
3.913419649124141870e+03 3.268080750611665301e-17
3.917498729705806909e+03 3.289936516756541399e-17
3.921577810287471948e+03 3.116683537457309752e-17
3.925656890869136987e+03 2.648235440136891672e-17
3.929735971450802026e+03 2.655140578454361837e-17
3.933815052032467065e+03 2.467652813429827648e-17
3.937894132614132104e+03 3.366092057904093466e-17
3.941973213195797143e+03 2.713528114608152359e-17
3.946052293777462182e+03 3.634123060917406002e-17
3.950131374359127221e+03 3.310398318133143134e-17
3.954210454940792260e+03 4.222081055086627946e-17
3.958289535522457300e+03 3.260894536322049618e-17
3.962368616104122339e+03 4.696342081443701172e-17
3.966447696685787378e+03 3.572653946109610431e-17
3.970526777267452871e+03 4.643591119419969492e-17
3.974605857849117911e+03 4.390368303732581257e-17
3.978684938430782950e+03 3.262222657513564759e-17
3.982764019012447989e+03 2.957862543741413290e-17
3.986843099594113028e+03 3.123839973244873526e-17
3.990922180175778067e+03 3.465342481754126066e-17
3.995001260757443106e+03 3.663374483482996209e-17
3.999080341339108145e+03 3.788330702920971718e-17
4.003159421920773184e+03 3.991052487850772507e-17
4.007238502502438223e+03 4.241371237843609573e-17
4.011317583084103262e+03 3.523330489672053475e-17
4.015396663665768301e+03 4.125336326748140978e-17
4.019475744247433340e+03 3.808679015117531178e-17
4.023554824829098379e+03 3.851531933931453329e-17
4.027633905410763418e+03 3.582168508387440376e-17
4.031712985992428457e+03 4.433747971160577177e-17
4.035792066574093496e+03 3.845788984374620169e-17
4.039871147155758536e+03 3.231652378179320005e-17
4.043950227737423575e+03 2.967584893789116556e-17
4.048029308319088614e+03 3.600595445457161663e-17
4.052108388900753653e+03 4.382586519401927394e-17
4.056187469482418692e+03 3.878345158923482232e-17
4.060266550064083731e+03 4.225433783545427878e-17
4.064345630645748770e+03 3.495334396404073743e-17
4.068424711227413809e+03 3.281798383017999691e-17
4.072503791809078848e+03 3.674335288343813868e-17
4.076582872390743887e+03 3.224509508153802100e-17
4.080661952972408926e+03 3.652133760702890605e-17
4.084741033554073965e+03 4.349174378355195457e-17
4.088820114135739004e+03 3.957166206876925176e-17
4.092899194717404043e+03 4.766931027941016385e-17
4.096978275299069537e+03 4.609010006731577617e-17
4.101057355880734576e+03 4.396849429268056739e-17
4.105136436462399615e+03 4.568984060379116692e-17
4.109215517044064654e+03 4.747940946310268996e-17
4.113294597625729693e+03 4.443926263161919671e-17
4.117373678207394732e+03 3.868859713403214153e-17
4.121452758789059772e+03 4.216297739115902198e-17
4.125531839370724811e+03 4.294074223391813178e-17
4.129610919952389850e+03 4.571333253318767291e-17
4.133690000534054889e+03 4.319641052636847178e-17
4.137769081115719928e+03 4.865830065466836458e-17
4.141848161697384967e+03 4.508123750502160149e-17
4.145927242279050006e+03 4.236568627207126694e-17
4.150006322860715045e+03 4.843480968804633735e-17
4.154085403442380084e+03 4.292108842256387184e-17
4.158164484024045123e+03 5.836198619902998415e-17
4.162243564605710162e+03 4.020563645128704365e-17
4.166322645187375201e+03 3.979279060756182754e-17
4.170401725769040240e+03 4.730726325146305427e-17
4.174480806350705279e+03 4.698762411916031331e-17
4.178559886932370318e+03 4.267818187260399995e-17
4.182638967514035357e+03 4.566128302032338620e-17
4.186718048095700397e+03 5.483289952491129666e-17
4.190797128677365436e+03 4.489898645501901801e-17
4.194876209259030475e+03 3.776630729464776673e-17
4.198955289840695514e+03 4.517626070506924310e-17
4.203034370422360553e+03 3.594937530067298954e-17
4.207113451004025592e+03 4.205468952280848002e-17
4.211192531585690631e+03 4.251794044434022743e-17
4.215271612167355670e+03 4.321851940978078911e-17
4.219350692749020709e+03 4.693041299927369571e-17
4.223429773330685748e+03 4.742985803568831339e-17
4.227508853912350787e+03 4.885454098319044487e-17
4.231587934494015826e+03 5.556921931025904956e-17
4.235667015075680865e+03 4.954185197160565599e-17
4.239746095657345904e+03 4.750421495531193016e-17
4.243825176239010943e+03 4.916125624560265732e-17
4.247904256820675982e+03 5.592009609121424306e-17
4.251983337402341022e+03 5.263893199028994903e-17
4.256062417984006061e+03 4.902686255711994181e-17
4.260141498565671100e+03 5.103310310608360492e-17
4.264220579147336139e+03 5.322844045179934036e-17
4.268299659729001178e+03 5.413850787045263162e-17
4.272378740310666217e+03 4.739860053470115958e-17
4.276457820892331256e+03 5.514908104225356596e-17
4.280536901473996295e+03 4.710503744402854027e-17
4.284615982055661334e+03 4.756159151132105837e-17
4.288695062637326373e+03 5.105763728305192772e-17
4.292774143218991412e+03 5.096702130130796864e-17
4.296853223800656451e+03 4.765809701902639500e-17
4.300932304382321490e+03 5.807964629490848431e-17
4.305011384963986529e+03 5.271174704525176695e-17
4.309090465545651568e+03 4.623589892208437282e-17
4.313169546127316607e+03 4.811495548878433261e-17
4.317248626708981647e+03 5.110197747260722021e-17
4.321327707290646686e+03 4.952931191351935209e-17
4.325406787872311725e+03 4.368386806134597099e-17
4.329485868453976764e+03 4.414565983627717486e-17
4.333564949035641803e+03 4.763138239396338242e-17
4.337644029617306842e+03 4.513657588800139904e-17
4.341723110198971881e+03 4.485881194702854256e-17
4.345802190780636920e+03 4.571076496456630831e-17
4.349881271362301959e+03 4.271358189409881932e-17
4.353960351943966998e+03 3.603570979556637414e-17
4.358039432525632037e+03 4.294456711707057698e-17
4.362118513107297986e+03 4.992829090145572924e-17
4.366197593688963025e+03 4.246041168709838946e-17
4.370276674270628064e+03 4.943719046306054650e-17
4.374355754852293103e+03 4.131485918294105207e-17
4.378434835433958142e+03 4.261083282712993243e-17
4.382513916015623181e+03 4.460567482725261482e-17
4.386592996597288220e+03 3.949991573115885235e-17
4.390672077178953259e+03 4.373535509139372165e-17
4.394751157760618298e+03 4.202392833018885802e-17
4.398830238342283337e+03 4.303949436416716243e-17
4.402909318923948376e+03 4.215339533094320770e-17
4.406988399505613415e+03 3.833012352633126103e-17
4.411067480087278454e+03 4.506483285911344985e-17
4.415146560668943494e+03 4.778813642876463138e-17
4.419225641250608533e+03 3.943299351088086220e-17
4.423304721832273572e+03 4.263700482171111023e-17
4.427383802413938611e+03 4.446440230479590833e-17
4.431462882995603650e+03 4.622539703702739958e-17
4.435541963577268689e+03 4.524839416320631733e-17
4.439621044158933728e+03 4.649634831847526933e-17
4.443700124740598767e+03 4.453880885525627828e-17
4.447779205322263806e+03 4.753715328730379172e-17
4.451858285903928845e+03 4.982704068575678844e-17
4.455937366485593884e+03 4.903607073169888211e-17
4.460016447067258923e+03 4.720018306680683973e-17
4.464095527648923962e+03 4.328762869559836946e-17
4.468174608230589001e+03 4.972360671324070765e-17
4.472253688812254040e+03 4.512680523060592268e-17
4.476332769393919079e+03 4.687576613928599249e-17
4.480411849975584119e+03 5.174059068400020949e-17
4.484490930557249158e+03 4.931652135530131082e-17
4.488570011138914197e+03 5.271515833809793563e-17
4.492649091720579236e+03 5.248086770139841607e-17
4.496728172302244275e+03 4.803720381992679822e-17
4.500807252883909314e+03 5.144044323565166808e-17
4.504886333465574353e+03 4.669110303061720438e-17
4.508965414047239392e+03 4.872594417644050097e-17
4.513044494628904431e+03 5.138926391679178715e-17
4.517123575210569470e+03 5.002948486887301644e-17
4.521202655792234509e+03 5.415744038031274532e-17
4.525281736373899548e+03 5.092495420407597187e-17
4.529360816955564587e+03 5.353021248287093592e-17
4.533439897537229626e+03 5.090947600045387961e-17
4.537518978118894665e+03 4.914238991019154786e-17
4.541598058700559704e+03 4.830070385841679029e-17
4.545677139282224744e+03 4.508460909319836763e-17
4.549756219863889783e+03 4.830057150951878181e-17
4.553835300445554822e+03 5.293688244693154959e-17
4.557914381027219861e+03 5.067612834965267050e-17
4.561993461608884900e+03 4.654204177551269858e-17
4.566072542190549939e+03 5.356783927457474804e-17
4.570151622772214978e+03 4.674762262751172765e-17
4.574230703353880017e+03 4.947068466042404370e-17
4.578309783935545056e+03 4.729491509927886267e-17
4.582388864517210095e+03 4.644314737019830880e-17
4.586467945098875134e+03 5.329740084510666118e-17
4.590547025680540173e+03 5.835959068397603058e-17
4.594626106262205212e+03 4.425639615924087378e-17
4.598705186843870251e+03 5.097147484172595414e-17
4.602784267425535290e+03 5.440783787789989744e-17
4.606863348007200329e+03 4.281949409973010898e-17
4.610942428588865369e+03 4.789553094205361607e-17
4.615021509170530408e+03 5.162342220459329822e-17
4.619100589752195447e+03 4.722524663936719647e-17
4.623179670333860486e+03 4.941731496730212235e-17
4.627258750915525525e+03 5.619654646937436533e-17
4.631337831497190564e+03 4.802049477155322706e-17
4.635416912078855603e+03 5.231475659950796727e-17
4.639495992660520642e+03 4.998940962255604735e-17
4.643575073242185681e+03 5.825989225910623926e-17
4.647654153823850720e+03 5.084161410300002922e-17
4.651733234405515759e+03 5.113475367719902138e-17
4.655812314987180798e+03 5.407057979854977699e-17
4.659891395568845837e+03 5.408456576834682358e-17
4.663970476150510876e+03 5.399438322924384229e-17
4.668049556732175915e+03 5.328428837803647058e-17
4.672128637313840954e+03 5.578971257434118462e-17
4.676207717895505994e+03 5.249768924633529444e-17
4.680286798477171033e+03 6.250390451920960814e-17
4.684365879058836072e+03 6.205497705716482896e-17
4.688444959640501111e+03 6.574355407955109081e-17
4.692524040222166150e+03 6.112047472321672126e-17
4.696603120803831189e+03 5.671224395046442490e-17
4.700682201385496228e+03 6.302432685595857060e-17
4.704761281967161267e+03 6.747009177618607315e-17
4.708840362548826306e+03 6.299413807232283531e-17
4.712919443130491345e+03 6.492854294816994328e-17
4.716998523712156384e+03 6.506748943874415066e-17
4.721077604293821423e+03 6.316529828467230779e-17
4.725156684875486462e+03 6.892962880597873899e-17
4.729235765457151501e+03 7.150623023963241596e-17
4.733314846038816540e+03 6.982555805360227390e-17
4.737393926620481579e+03 6.696463148235696984e-17
4.741473007202146619e+03 6.600606150130601925e-17
4.745552087783811658e+03 6.426278828651786406e-17
4.749631168365476697e+03 6.645097879174114135e-17
4.753710248947141736e+03 6.872182780121561759e-17
4.757789329528806775e+03 6.412006985235041488e-17
4.761868410110471814e+03 6.201931564659644283e-17
4.765947490692136853e+03 6.869918952221126633e-17
4.770026571273801892e+03 6.747870107200152506e-17
4.774105651855466931e+03 6.156101126512776253e-17
4.778184732437132880e+03 6.314863555841303960e-17
4.782263813018797919e+03 6.452301930722704657e-17
4.786342893600462958e+03 6.401079598470970971e-17
4.790421974182127997e+03 6.523446080847165461e-17
4.794501054763793036e+03 6.319576500099386091e-17
4.798580135345458075e+03 6.197180900965629734e-17
4.802659215927123114e+03 6.212755719283268182e-17
4.806738296508788153e+03 6.227560267014497250e-17
4.810817377090453192e+03 5.820030216777791914e-17
4.814896457672118231e+03 5.743823721304506581e-17
4.818975538253783270e+03 5.685042281743018307e-17
4.823054618835448309e+03 5.239217077867558002e-17
4.827133699417113348e+03 4.896787465327756030e-17
4.831212779998778387e+03 5.178308129770583341e-17
4.835291860580443426e+03 4.795713604535411536e-17
4.839370941162108466e+03 5.369519861912831261e-17
4.843450021743773505e+03 5.375569199168554063e-17
4.847529102325438544e+03 4.255501467939485413e-17
4.851608182907103583e+03 4.377417964062451055e-17
4.855687263488768622e+03 4.567311501180534470e-17
4.859766344070433661e+03 4.016927359155921255e-17
4.863845424652098700e+03 4.430971953024849216e-17
4.867924505233763739e+03 4.777155972928906870e-17
4.872003585815428778e+03 4.459158959578206187e-17
4.876082666397093817e+03 3.916604909232019932e-17
4.880161746978758856e+03 3.766028590117562007e-17
4.884240827560423895e+03 4.001325078441946047e-17
4.888319908142088934e+03 4.149686869620477006e-17
4.892398988723753973e+03 4.379120301763085186e-17
4.896478069305419012e+03 4.131110047423761111e-17
4.900557149887084051e+03 4.042525621264232271e-17
4.904636230468749091e+03 4.117374878788440597e-17
4.908715311050414130e+03 4.355696862921298591e-17
4.912794391632079169e+03 4.517110571549181263e-17
4.916873472213744208e+03 4.841742235157047271e-17
4.920952552795409247e+03 4.915548914237193761e-17
4.925031633377074286e+03 5.225110670573323689e-17
4.929110713958739325e+03 5.167790362845849084e-17
4.933189794540404364e+03 4.743435789822060186e-17
4.937268875122069403e+03 5.206424660535750794e-17
4.941347955703734442e+03 4.856965998022718214e-17
4.945427036285399481e+03 4.862409839070052199e-17
4.949506116867064520e+03 5.040951149461457862e-17
4.953585197448729559e+03 5.888053579887212656e-17
4.957664278030394598e+03 5.081947544108565999e-17
4.961743358612059637e+03 4.705406326596057250e-17
4.965822439193724676e+03 5.134741519524150437e-17
4.969901519775389716e+03 4.785884382752566418e-17
4.973980600357054755e+03 5.022599320391356390e-17
4.978059680938719794e+03 6.634666139033085393e-17
4.982138761520384833e+03 6.724807649977684052e-17
4.986217842102049872e+03 6.898880199827833238e-17
4.990296922683714911e+03 6.185139136480327779e-17
4.994376003265379950e+03 5.751532382869010756e-17
4.998455083847044989e+03 6.286503172231555875e-17
5.002534164428710028e+03 5.836525521681079371e-17
5.006613245010375067e+03 5.708687074116724092e-17
5.010692325592040106e+03 6.212105224449556481e-17
5.014771406173705145e+03 5.559107011332025034e-17
5.018850486755370184e+03 5.824444714270864912e-17
5.022929567337035223e+03 6.387724271172934808e-17
5.027008647918700262e+03 6.055204944116008149e-17
5.031087728500365301e+03 5.941713117095772582e-17
5.035166809082031250e+03 5.827096324442464898e-17
5.039245889663696289e+03 6.635662064490599238e-17
5.043324970245361328e+03 5.945780860476063351e-17
5.047404050827026367e+03 6.340582917191292739e-17
5.051483131408691406e+03 5.793242799820874666e-17
5.055562211990356445e+03 5.988008761619140435e-17
5.059641292572021484e+03 5.792253491808261245e-17
5.063720373153686523e+03 5.780332826564637053e-17
5.067799453735351562e+03 5.552188472688631511e-17
5.071878534317016602e+03 5.510916792333665727e-17
5.075957614898681641e+03 6.939509988027457873e-17
5.080036695480346680e+03 7.953675770664832517e-17
5.084115776062011719e+03 8.490693335735078847e-17
5.088194856643676758e+03 7.785081803447744544e-17
5.092273937225341797e+03 6.699336442811461181e-17
5.096353017807006836e+03 6.391741060227492310e-17
5.100432098388671875e+03 6.070493888813948270e-17
5.104511178970336914e+03 5.915639722443611108e-17
5.108590259552001953e+03 6.335793210572365688e-17
5.112669340133666992e+03 6.523702837709301921e-17
5.116748420715332031e+03 5.845194374500635101e-17
5.120827501296997070e+03 6.686826163227209191e-17
5.124906581878662109e+03 9.727094755696870246e-17
5.128985662460327148e+03 1.221057550471177757e-16
5.133064743041992188e+03 1.314143427349771169e-16
5.137143823623657227e+03 1.250372963728955066e-16
5.141222904205322266e+03 8.726507969995166104e-17
5.145301984786987305e+03 5.971359931994163137e-17
5.149381065368652344e+03 6.032462771226720227e-17
5.153460145950317383e+03 6.731337744605422673e-17
5.157539226531982422e+03 6.948209942838045597e-17
5.161618307113647461e+03 6.299599095689495409e-17
5.165697387695312500e+03 6.592837269817503889e-17
5.169776468276977539e+03 6.259928837000432286e-17
5.173855548858642578e+03 6.030687310759936409e-17
5.177934629440307617e+03 5.935960572243833807e-17
5.182013710021972656e+03 6.031259719743823104e-17
5.186092790603637695e+03 6.522340305804304574e-17
5.190171871185302734e+03 5.787878037240100750e-17
5.194250951766967773e+03 5.890570855927334030e-17
5.198330032348632812e+03 5.040269221764469146e-17
5.202409112930297852e+03 5.106183936056369710e-17
5.206488193511962891e+03 5.543164263077923000e-17
5.210567274093627930e+03 4.865883005026039852e-17
5.214646354675292969e+03 5.823611577957901503e-17
5.218725435256958008e+03 5.227394350808460088e-17
5.222804515838623047e+03 5.356428901538567045e-17
5.226883596420288086e+03 6.112144748761708362e-17
5.230962677001953125e+03 5.548766922802867167e-17
5.235041757583618164e+03 5.371940854129651462e-17
5.239120838165283203e+03 5.133000800643093846e-17
5.243199918746948242e+03 5.643374878183007154e-17
5.247278999328613281e+03 5.304055795618649587e-17
5.251358079910278320e+03 5.693527831338832286e-17
5.255437160491943359e+03 5.404299167075990841e-17
5.259516241073608398e+03 5.549050149444605324e-17
5.263595321655273438e+03 5.594927902322511387e-17
5.267674402236938477e+03 5.775615250095124625e-17
5.271753482818603516e+03 5.732506567035801077e-17
5.275832563400268555e+03 5.688799005212989137e-17
5.279911643981933594e+03 6.241973723752111246e-17
5.283990724563598633e+03 5.674577454377487443e-17
5.288069805145263672e+03 5.590432010257163171e-17
5.292148885726928711e+03 5.859339824719781917e-17
5.296227966308593750e+03 5.925860366092316318e-17
5.300307046890258789e+03 5.638485248146083697e-17
5.304386127471923828e+03 6.169496820224705004e-17
5.308465208053588867e+03 5.767445352621060881e-17
5.312544288635253906e+03 6.242578558216010020e-17
5.316623369216918945e+03 6.433845876895421504e-17
5.320702449798583984e+03 5.872313987191553645e-17
5.324781530380249023e+03 6.642645454094016919e-17
5.328860610961914062e+03 5.976033171582842722e-17
5.332939691543579102e+03 6.629531663534846239e-17
5.337018772125244141e+03 6.185540815385783529e-17
5.341097852706909180e+03 5.938676371630967907e-17
5.345176933288574219e+03 6.046272055244925493e-17
5.349256013870239258e+03 6.443863364985683690e-17
5.353335094451904297e+03 6.412343813180473081e-17
5.357414175033569336e+03 6.125911681132550912e-17
5.361493255615234375e+03 6.484764468426225717e-17
5.365572336196899414e+03 6.562886052453693821e-17
5.369651416778564453e+03 6.430583476559512362e-17
5.373730497360229492e+03 6.078892749881566692e-17
5.377809577941894531e+03 6.059774289819751074e-17
5.381888658523559570e+03 6.293399211562287956e-17
5.385967739105224609e+03 6.297767386941057984e-17
5.390046819686889648e+03 6.152544911623288276e-17
5.394125900268554688e+03 6.321589526838095139e-17
5.398204980850219727e+03 6.478256873111148538e-17
5.402284061431884766e+03 5.820479541286530719e-17
5.406363142013549805e+03 6.099728436895042395e-17
5.410442222595214844e+03 6.023954060573754763e-17
5.414521303176879883e+03 6.324679211862103208e-17
5.418600383758544922e+03 6.586186737692577547e-17
5.422679464340209961e+03 6.349932043346612079e-17
5.426758544921875000e+03 6.545789221808957802e-17
5.430837625503540039e+03 6.411260537450273636e-17
5.434916706085205078e+03 5.789694525865267199e-17
5.438995786666870117e+03 6.381186235611315677e-17
5.443074867248535156e+03 6.401151066875895553e-17
5.447153947830200195e+03 6.040142977778152579e-17
5.451233028411865234e+03 6.298729563429579666e-17
5.455312108993530273e+03 6.424158599305690486e-17
5.459391189575195312e+03 6.603980385285328236e-17
5.463470270156860352e+03 5.914643796986097262e-17
5.467549350738525391e+03 6.139046647515402949e-17
5.471628431320190430e+03 6.511749746985665650e-17
5.475707511901855469e+03 6.365021141208559389e-17
5.479786592483520508e+03 6.341565607759005736e-17
5.483865673065185547e+03 6.254217320306876141e-17
5.487944753646850586e+03 6.390007289663581164e-17
5.492023834228515625e+03 6.498896683755571685e-17
5.496102914810180664e+03 6.364874895676260014e-17
5.500181995391845703e+03 6.574890759247553401e-17
5.504261075973510742e+03 6.536236940095195439e-17
5.508340156555175781e+03 6.226404199390393138e-17
5.512419237136840820e+03 6.355067180589341275e-17
5.516498317718506769e+03 6.465291975062237404e-17
5.520577398300171808e+03 6.630600380886264751e-17
5.524656478881836847e+03 6.034268671940045997e-17
5.528735559463501886e+03 6.157513289254526782e-17
5.532814640045166925e+03 6.633836973187062238e-17
5.536893720626831964e+03 5.539167988102556813e-17
5.540972801208497003e+03 6.444846717297886729e-17
5.545051881790162042e+03 6.190743450566497052e-17
5.549130962371827081e+03 5.781107067617986687e-17
5.553210042953492120e+03 5.743979893004156592e-17
5.557289123535157159e+03 5.794361809753536402e-17
5.561368204116822199e+03 6.151981105317772132e-17
5.565447284698487238e+03 6.572619652157727808e-17
5.569526365280152277e+03 7.300334773901459096e-17
5.573605445861817316e+03 7.100784399440186615e-17
5.577684526443482355e+03 6.986111358505225325e-17
5.581763607025147394e+03 7.290151849688686304e-17
5.585842687606812433e+03 6.133228589958949974e-17
5.589921768188477472e+03 6.099765494586484771e-17
5.594000848770142511e+03 6.374198213796467699e-17
5.598079929351807550e+03 5.787569002563250939e-17
5.602159009933472589e+03 6.144603315998289168e-17
5.606238090515137628e+03 5.772910038619831203e-17
5.610317171096802667e+03 6.510258174905110030e-17
5.614396251678467706e+03 6.471994123257387055e-17
5.618475332260132745e+03 6.326593638671795935e-17
5.622554412841797784e+03 6.029864762358813678e-17
5.626633493423462824e+03 6.105973981392062776e-17
5.630712574005127863e+03 6.553571337011856687e-17
5.634791654586792902e+03 6.433661250182699668e-17
5.638870735168457941e+03 6.155139611768744613e-17
5.642949815750122980e+03 6.602449108535370071e-17
5.647028896331788019e+03 6.444908921279950717e-17
5.651107976913453058e+03 6.254973694258994629e-17
5.655187057495118097e+03 6.642068412898699927e-17
5.659266138076783136e+03 6.501875195705252627e-17
5.663345218658448175e+03 5.943665263341397728e-17
5.667424299240113214e+03 5.975230475516421264e-17
5.671503379821778253e+03 6.202466915952088602e-17
5.675582460403443292e+03 6.205894090666018307e-17
5.679661540985108331e+03 6.416962789720969187e-17
5.683740621566773370e+03 5.630752763779937995e-17
5.687819702148439319e+03 6.297587392439766446e-17
5.691898782730104358e+03 6.197131931873366595e-17
5.695977863311769397e+03 6.004185767422717487e-17
5.700056943893434436e+03 5.078171299176138917e-17
5.704136024475099475e+03 5.654508729227970907e-17
5.708215105056764514e+03 5.768367162695689975e-17
5.712294185638429553e+03 4.835158208353370192e-17
5.716373266220094592e+03 5.385054313816577121e-17
5.720452346801759631e+03 5.268704081471603312e-17
5.724531427383424671e+03 4.989939582829802688e-17
5.728610507965089710e+03 4.856648360667497851e-17
5.732689588546754749e+03 4.849832392420060903e-17
5.736768669128419788e+03 5.195489994582289811e-17
5.740847749710084827e+03 5.213686644569476335e-17
5.744926830291749866e+03 5.295562966833445141e-17
5.749005910873414905e+03 4.669743261666446015e-17
5.753084991455079944e+03 5.059129601475168220e-17
5.757164072036744983e+03 5.232165528581665952e-17
5.761243152618410022e+03 5.374123618330056392e-17
5.765322233200075061e+03 4.842576364086745744e-17
5.769401313781740100e+03 5.249730212580861963e-17
5.773480394363405139e+03 4.961275789371370152e-17
5.777559474945070178e+03 4.725227559306297920e-17
5.781638555526735217e+03 4.866100718963263809e-17
5.785717636108400256e+03 4.855878090081088472e-17
5.789796716690065296e+03 4.984321372109342524e-17
5.793875797271730335e+03 4.939577849287369172e-17
5.797954877853395374e+03 4.464203106953554549e-17
5.802033958435060413e+03 4.886243228623420075e-17
5.806113039016725452e+03 4.857614176750714766e-17
5.810192119598390491e+03 4.107072178822970127e-17
5.814271200180055530e+03 4.648700448627587033e-17
5.818350280761720569e+03 4.647945398164448629e-17
5.822429361343385608e+03 4.898834902779947284e-17
5.826508441925050647e+03 4.905255478694583884e-17
5.830587522506715686e+03 4.568706127693298875e-17
5.834666603088380725e+03 4.993956371884360191e-17
5.838745683670045764e+03 4.594665371420928032e-17
5.842824764251710803e+03 4.756521787112649084e-17
5.846903844833375842e+03 4.148925201712438178e-17
5.850982925415040881e+03 3.975909788685131761e-17
5.855062005996705921e+03 4.436230174742726302e-17
5.859141086578370960e+03 4.373543450073252674e-17
5.863220167160035999e+03 4.109761177558257509e-17
5.867299247741701038e+03 3.762712588477959430e-17
5.871378328323366077e+03 4.054287467830246282e-17
5.875457408905031116e+03 3.931859112344232826e-17
5.879536489486696155e+03 3.478863576046917856e-17
5.883615570068361194e+03 3.220918882550831918e-17
5.887694650650026233e+03 3.437267310019586264e-17
5.891773731231691272e+03 4.239143144145636737e-17
5.895852811813356311e+03 3.829077289023088840e-17
5.899931892395021350e+03 3.404943407786729091e-17
5.904010972976686389e+03 3.227725586375408272e-17
5.908090053558351428e+03 3.279598744333098680e-17
5.912169134140016467e+03 3.440901941631144267e-17
5.916248214721681506e+03 3.515787264230059905e-17
5.920327295303346546e+03 3.513264694234018192e-17
5.924406375885011585e+03 3.647955505992762752e-17
5.928485456466676624e+03 3.399778161169702965e-17
5.932564537048341663e+03 2.893517156507648331e-17
5.936643617630006702e+03 2.899005996180305201e-17
5.940722698211671741e+03 3.980041059536466603e-17
5.944801778793336780e+03 3.728556977496664832e-17
5.948880859375001819e+03 3.269855549333959078e-17
5.952959939956666858e+03 4.061893889871038903e-17
5.957039020538331897e+03 3.952669653067086917e-17
5.961118101119996936e+03 3.947695319735438030e-17
5.965197181701661975e+03 4.301325950385943061e-17
5.969276262283327014e+03 4.412434835497535865e-17
5.973355342864992053e+03 4.186585080640752422e-17
5.977434423446657092e+03 3.497313674173790628e-17
5.981513504028322131e+03 4.281611258538599220e-17
5.985592584609987171e+03 4.269324648591981569e-17
5.989671665191652210e+03 4.426792374825741277e-17
5.993750745773317249e+03 4.521516466363883710e-17
5.997829826354982288e+03 4.121144175403722233e-17
6.001908906936647327e+03 4.561937143304654939e-17
6.005987987518312366e+03 4.630656661617600308e-17
6.010067068099977405e+03 4.213759287252099466e-17
6.014146148681642444e+03 4.378159779635788611e-17
6.018225229263307483e+03 4.858961819404686159e-17
6.022304309844972522e+03 4.564700588295072094e-17
6.026383390426637561e+03 4.411356522851011739e-17
6.030462471008302600e+03 4.586316802934552834e-17
6.034541551589967639e+03 4.387163806039550828e-17
6.038620632171632678e+03 4.168570410388327565e-17
6.042699712753297717e+03 4.791751078529037512e-17
6.046778793334962756e+03 4.743797764058113391e-17
6.050857873916627796e+03 4.732659942546209384e-17
6.054936954498292835e+03 4.597430139900325272e-17
6.059016035079957874e+03 4.524511521925815712e-17
6.063095115661622913e+03 5.227338764271296525e-17
6.067174196243287952e+03 5.318147975406347988e-17
6.071253276824952991e+03 5.303042333932149618e-17
6.075332357406618030e+03 5.245363691563317040e-17
6.079411437988283069e+03 4.862373773995344887e-17
6.083490518569948108e+03 5.186855221603971266e-17
6.087569599151613147e+03 5.432491136713023131e-17
6.091648679733278186e+03 4.756045661952063562e-17
6.095727760314943225e+03 4.459182782379847714e-17
6.099806840896608264e+03 4.519118966076460014e-17
6.103885921478273303e+03 4.516157328611275154e-17
6.107965002059938342e+03 4.752637677828345088e-17
6.112044082641603381e+03 4.783627503169276738e-17
6.116123163223268421e+03 4.063063192384943863e-17
6.120202243804933460e+03 4.663039128237826236e-17
6.124281324386598499e+03 5.403786976840698007e-17
6.128360404968263538e+03 4.348523221776993714e-17
6.132439485549928577e+03 4.103194356111321533e-17
6.136518566131593616e+03 4.551306218072123427e-17
6.140597646713258655e+03 4.781870902420459128e-17
6.144676727294923694e+03 5.035220111305445465e-17
6.148755807876588733e+03 4.202509961793623311e-17
6.152834888458253772e+03 4.444913585941062965e-17
6.156913969039918811e+03 4.443243342848195892e-17
6.160993049621583850e+03 4.245721215248903435e-17
6.165072130203248889e+03 4.243073575544243704e-17
6.169151210784913928e+03 4.042511062885451338e-17
6.173230291366578967e+03 3.742318946783832064e-17
6.177309371948244006e+03 3.936745764530951092e-17
6.181388452529909046e+03 4.494465013355439535e-17
6.185467533111574085e+03 4.412189328291730127e-17
6.189546613693239124e+03 3.922952693252751866e-17
6.193625694274904163e+03 4.011645314636402642e-17
6.197704774856569202e+03 3.813192443411865518e-17
6.201783855438234241e+03 4.247945338479936015e-17
6.205862936019899280e+03 4.411387293969798711e-17
6.209942016601564319e+03 4.133442035006670606e-17
6.214021097183230268e+03 4.184716975945362665e-17
6.218100177764895307e+03 3.880096134844134481e-17
6.222179258346560346e+03 3.862434174404902234e-17
6.226258338928225385e+03 4.248235844311064639e-17
6.230337419509890424e+03 4.686193567944410587e-17
6.234416500091555463e+03 4.266499661363990469e-17
6.238495580673220502e+03 3.966472319640391758e-17
6.242574661254885541e+03 4.180858343823925301e-17
6.246653741836550580e+03 4.148751824656047064e-17
6.250732822418215619e+03 4.386028583366883052e-17
6.254811902999880658e+03 4.700309570533750514e-17
6.258890983581545697e+03 4.160505399415935545e-17
6.262970064163210736e+03 3.933304031438240454e-17
6.267049144744875775e+03 4.060370554054961248e-17
6.271128225326540814e+03 4.116631408853877936e-17
6.275207305908205853e+03 4.250029171879079603e-17
6.279286386489870893e+03 3.995658560373712787e-17
6.283365467071535932e+03 3.736511808011464789e-17
6.287444547653200971e+03 4.256367029732460901e-17
6.291523628234866010e+03 4.366350287466491545e-17
6.295602708816531049e+03 4.304897716270947034e-17
6.299681789398196088e+03 4.179686063459815150e-17
6.303760869979861127e+03 3.733386388784994429e-17
6.307839950561526166e+03 3.949274242088679249e-17
6.311919031143191205e+03 4.303659261457832641e-17
6.315998111724856244e+03 4.449451167909283854e-17
6.320077192306521283e+03 3.984380449029919786e-17
6.324156272888186322e+03 4.020587798802590913e-17
6.328235353469851361e+03 4.540317289070478965e-17
6.332314434051516400e+03 4.785832104937853067e-17
6.336393514633181439e+03 4.579768510333338046e-17
6.340472595214846478e+03 4.606118183310092232e-17
6.344551675796511518e+03 5.052196504452993763e-17
6.348630756378176557e+03 4.603722006511648621e-17
6.352709836959841596e+03 4.596375650055442672e-17
6.356788917541506635e+03 4.720256203824854224e-17
6.360867998123171674e+03 4.977575548777850073e-17
6.364947078704836713e+03 4.918631981816301406e-17
6.369026159286501752e+03 4.900674221590020196e-17
6.373105239868166791e+03 4.935948842503976529e-17
6.377184320449831830e+03 5.033325205958208990e-17
6.381263401031496869e+03 5.405919117587614691e-17
6.385342481613162818e+03 5.284894983909471254e-17
6.389421562194827857e+03 5.653667651981126988e-17
6.393500642776492896e+03 6.007704924620763088e-17
6.397579723358157935e+03 5.828789728592483456e-17
6.401658803939822974e+03 5.828027398939954586e-17
6.405737884521488013e+03 5.830995322977794849e-17
6.409816965103153052e+03 6.023159305441213814e-17
6.413896045684818091e+03 6.321981279576200253e-17
6.417975126266483130e+03 5.951890085608134992e-17
6.422054206848148169e+03 5.994213277957778185e-17
6.426133287429813208e+03 5.843868238542590087e-17
6.430212368011478247e+03 5.812033696360119285e-17
6.434291448593143286e+03 6.403675622105407393e-17
6.438370529174808325e+03 6.267975649999348140e-17
6.442449609756473365e+03 6.809043091348654093e-17
6.446528690338138404e+03 6.624158298275701772e-17
6.450607770919803443e+03 6.414201329964022160e-17
6.454686851501468482e+03 6.708415577214843213e-17
6.458765932083133521e+03 6.510966903253945465e-17
6.462845012664798560e+03 6.191028000697215293e-17
6.466924093246463599e+03 6.155149537936095250e-17
6.471003173828128638e+03 6.258355208603111407e-17
6.475082254409793677e+03 7.044064955709670528e-17
6.479161334991458716e+03 5.837928419999969306e-17
6.483240415573123755e+03 5.060266478509061101e-17
6.487319496154788794e+03 5.079445819063960622e-17
6.491398576736453833e+03 4.646345630859771074e-17
6.495477657318118872e+03 4.349883437576275913e-17
6.499556737899783911e+03 4.965457352803948217e-17
6.503635818481448950e+03 4.285525808069445169e-17
6.507714899063113990e+03 3.881806082606404100e-17
6.511793979644779029e+03 4.074755886651748441e-17
6.515873060226444068e+03 4.226843961053708279e-17
6.519952140808109107e+03 3.868662182672936490e-17
6.524031221389774146e+03 3.889688452099544411e-17
6.528110301971439185e+03 4.079314313571405666e-17
6.532189382553104224e+03 2.983819471363327298e-17
6.536268463134769263e+03 3.684288256346296918e-17
6.540347543716434302e+03 3.749140208987189352e-17
6.544426624298099341e+03 3.505338980476780102e-17
6.548505704879764380e+03 3.504031373364456276e-17
6.552584785461429419e+03 3.826795924893667590e-17
6.556663866043094458e+03 3.841539261259567734e-17
6.560742946624759497e+03 3.544581752225275820e-17
6.564822027206424536e+03 3.975606047964202290e-17
6.568901107788089575e+03 3.929797116513260638e-17
6.572980188369754615e+03 3.778488907992815795e-17
6.577059268951419654e+03 3.980529757842362932e-17
6.581138349533084693e+03 4.060986638175190743e-17
6.585217430114749732e+03 4.376274800455902771e-17
6.589296510696414771e+03 4.501158889744463656e-17
6.593375591278079810e+03 4.879945737183931365e-17
6.597454671859744849e+03 5.593439638964405980e-17
6.601533752441409888e+03 5.824021859541727805e-17
6.605612833023074927e+03 6.281524206688476691e-17
6.609691913604739966e+03 7.038422922187568837e-17
6.613770994186405005e+03 7.939022762421823164e-17
6.617850074768070044e+03 9.000183653508540501e-17
6.621929155349735083e+03 1.029977042261305249e-16
6.626008235931400122e+03 1.161211893420803260e-16
6.630087316513065161e+03 1.255417441976548450e-16
6.634166397094730200e+03 1.399225372272403477e-16
6.638245477676395240e+03 1.528062524621130779e-16
6.642324558258060279e+03 1.617411398015556625e-16
6.646403638839725318e+03 1.770569777955711076e-16
6.650482719421390357e+03 1.841852629725284772e-16
6.654561800003055396e+03 1.935902006581379951e-16
6.658640880584720435e+03 2.008573330639960657e-16
6.662719961166385474e+03 1.987355949404628484e-16
6.666799041748050513e+03 2.052744113605802292e-16
6.670878122329715552e+03 2.057468572218011161e-16
6.674957202911380591e+03 2.022100314458713825e-16
6.679036283493045630e+03 2.012135368880961007e-16
6.683115364074710669e+03 2.017723007005981211e-16
6.687194444656375708e+03 1.996153313004150453e-16
6.691273525238040747e+03 1.984859849188188468e-16
6.695352605819705786e+03 1.917839558376774030e-16
6.699431686401370825e+03 1.988658394909929980e-16
6.703510766983035865e+03 2.074804954368142536e-16
6.707589847564700904e+03 2.033573375729273323e-16
6.711668928146365943e+03 2.069846105857560642e-16
6.715748008728030982e+03 2.032714431381198259e-16
6.719827089309696021e+03 2.166389200649931684e-16
6.723906169891361060e+03 2.405381134904508627e-16
6.727985250473026099e+03 2.517207218694409408e-16
6.732064331054691138e+03 2.480613807186247532e-16
6.736143411636356177e+03 2.329882441337772668e-16
6.740222492218021216e+03 2.167739688805210259e-16
6.744301572799686255e+03 2.050558239206294164e-16
6.748380653381351294e+03 2.014930974653594224e-16
6.752459733963016333e+03 2.150049141004008180e-16
6.756538814544681372e+03 2.093252934912647172e-16
6.760617895126346411e+03 2.020043215536967952e-16
6.764696975708011450e+03 2.022773573302882985e-16
6.768776056289676490e+03 1.921459830132898113e-16
6.772855136871341529e+03 1.805228513272784927e-16
6.776934217453006568e+03 1.759233433096794343e-16
6.781013298034671607e+03 1.726207486134451164e-16
6.785092378616336646e+03 1.707956440750183153e-16
6.789171459198001685e+03 1.724079712901168760e-16
6.793250539779666724e+03 1.617386648771629038e-16
6.797329620361331763e+03 1.471462724294414362e-16
6.801408700942996802e+03 1.507747762870216470e-16
6.805487781524661841e+03 1.443292261353308452e-16
6.809566862106326880e+03 1.341787671072395345e-16
6.813645942687991919e+03 1.329084426794846984e-16
6.817725023269656958e+03 1.325454890615862307e-16
6.821804103851321997e+03 1.171550592286532038e-16
6.825883184432987036e+03 1.156794219554178058e-16
6.829962265014652075e+03 1.123063250012143683e-16
6.834041345596317115e+03 1.045398997601743897e-16
6.838120426177982154e+03 1.000260810365909245e-16
6.842199506759647193e+03 9.961189516027337248e-17
6.846278587341312232e+03 9.904944543096181578e-17
6.850357667922977271e+03 9.186384656372187200e-17
6.854436748504642310e+03 9.044977799784002098e-17
6.858515829086307349e+03 8.308538900428041559e-17
6.862594909667972388e+03 8.578258013635452314e-17
6.866673990249637427e+03 7.910716641860258557e-17
6.870753070831302466e+03 6.990140720705093633e-17
6.874832151412967505e+03 6.742106312691883009e-17
6.878911231994632544e+03 6.714327602488882212e-17
6.882990312576297583e+03 6.834399816718099625e-17
6.887069393157962622e+03 7.154373791732802045e-17
6.891148473739627661e+03 7.583045254937382683e-17
6.895227554321292700e+03 7.170681822945407496e-17
6.899306634902957740e+03 6.245635156015515968e-17
6.903385715484622779e+03 6.217189407366552410e-17
6.907464796066288727e+03 6.354278381157210708e-17
6.911543876647953766e+03 5.780432088238143416e-17
6.915622957229618805e+03 5.775134161850863784e-17
6.919702037811283844e+03 5.851375068037631324e-17
6.923781118392948883e+03 5.300151503127399296e-17
6.927860198974613922e+03 5.274818931431840313e-17
6.931939279556278962e+03 5.084404270527848491e-17
6.936018360137944001e+03 5.263339649763074416e-17
6.940097440719609040e+03 5.623574159551957799e-17
6.944176521301274079e+03 5.349533854824570027e-17
6.948255601882939118e+03 4.979094252382497432e-17
6.952334682464604157e+03 5.220413277310757556e-17
6.956413763046269196e+03 5.281788755273212125e-17
6.960492843627934235e+03 5.027236825777573685e-17
6.964571924209599274e+03 4.837144765312477543e-17
6.968651004791264313e+03 4.614184186899219315e-17
6.972730085372929352e+03 4.774555317083040151e-17
6.976809165954594391e+03 4.548396527549406897e-17
6.980888246536259430e+03 4.614026691710589219e-17
6.984967327117924469e+03 4.445488641902909830e-17
6.989046407699589508e+03 4.234882833118743624e-17
6.993125488281254547e+03 4.037167145256113758e-17
6.997204568862919587e+03 3.783537687579594455e-17
7.001283649444584626e+03 4.200614725574141814e-17
7.005362730026249665e+03 4.366928983023033643e-17
7.009441810607914704e+03 3.774743765051420707e-17
7.013520891189579743e+03 4.285956934604707807e-17
7.017599971771244782e+03 3.669135631013305536e-17
7.021679052352909821e+03 3.991296340695353140e-17
7.025758132934574860e+03 3.938612545737360765e-17
7.029837213516239899e+03 3.834157170600899494e-17
7.033916294097904938e+03 4.100823656475744556e-17
7.037995374679569977e+03 4.050723312006877797e-17
7.042074455261235016e+03 3.649153925264229578e-17
7.046153535842900055e+03 3.624697503273486762e-17
7.050232616424565094e+03 4.189476573189992786e-17
7.054311697006230133e+03 4.519961035940038997e-17
7.058390777587895172e+03 3.818811315876815724e-17
7.062469858169560212e+03 3.430183335253682135e-17
7.066548938751225251e+03 3.210316412331372230e-17
7.070628019332890290e+03 3.546491877695783271e-17
7.074707099914555329e+03 3.652419303450343911e-17
7.078786180496220368e+03 3.151488650655580987e-17
7.082865261077886316e+03 2.874612109043871394e-17
7.086944341659551355e+03 3.570701799863985285e-17
7.091023422241216394e+03 3.573818947284330115e-17
7.095102502822881434e+03 3.695267590052835765e-17
7.099181583404546473e+03 3.756468698342164156e-17
7.103260663986211512e+03 3.514122976837603214e-17
7.107339744567876551e+03 3.363565517441111498e-17
7.111418825149541590e+03 3.697054300175950305e-17
7.115497905731206629e+03 3.744406088905425864e-17
7.119576986312871668e+03 4.106214227091630126e-17
7.123656066894536707e+03 3.539822816725135741e-17
7.127735147476201746e+03 3.508554727826141252e-17
7.131814228057866785e+03 3.350646610634258312e-17
7.135893308639531824e+03 2.733509820357228316e-17
7.139972389221196863e+03 3.634986306604666342e-17
7.144051469802861902e+03 3.739058200809148029e-17
7.148130550384526941e+03 3.853829510800880619e-17
7.152209630966191980e+03 4.004252636065893723e-17
7.156288711547857019e+03 4.106960674876397978e-17
7.160367792129522059e+03 4.016232527441376712e-17
7.164446872711187098e+03 3.954693598589881665e-17
7.168525953292852137e+03 3.868926549596708438e-17
7.172605033874517176e+03 3.762114371458961080e-17
7.176684114456182215e+03 3.567924127367032218e-17
7.180763195037847254e+03 3.701300714568552528e-17
7.184842275619512293e+03 3.617558272842664091e-17
7.188921356201177332e+03 3.820352187921879504e-17
7.193000436782842371e+03 3.556329371284753919e-17
7.197079517364507410e+03 3.453740446482457299e-17
7.201158597946172449e+03 3.251095423913501431e-17
7.205237678527837488e+03 3.797217600549996426e-17
7.209316759109502527e+03 3.805396762446920764e-17
7.213395839691167566e+03 3.172880533912937346e-17
7.217474920272832605e+03 3.967396776692981022e-17
7.221554000854497644e+03 4.213905532784398842e-17
7.225633081436162684e+03 3.954927856139356683e-17
7.229712162017827723e+03 3.641659999786744169e-17
7.233791242599492762e+03 4.475571215547993319e-17
7.237870323181157801e+03 3.905043240374243753e-17
7.241949403762822840e+03 3.820506043515814367e-17
7.246028484344487879e+03 4.543672664507239067e-17
7.250107564926152918e+03 4.543443700913684389e-17
7.254186645507817957e+03 4.178954835798318274e-17
7.258265726089482996e+03 4.026178216254469296e-17
7.262344806671148035e+03 3.546296332198975736e-17
7.266423887252813074e+03 4.070124998710431571e-17
7.270502967834478113e+03 3.858485875905064122e-17
7.274582048416143152e+03 3.716573777398731631e-17
7.278661128997808191e+03 4.383740601792561378e-17
7.282740209579473230e+03 4.029034636345737411e-17
7.286819290161138269e+03 3.665060939315869322e-17
7.290898370742803309e+03 3.986408695891899810e-17
7.294977451324468348e+03 4.355899356735251572e-17
7.299056531906133387e+03 3.667412117488990048e-17
7.303135612487798426e+03 3.218596821135273059e-17
7.307214693069463465e+03 4.926684750515627641e-17
7.311293773651128504e+03 4.079448647702884278e-17
7.315372854232793543e+03 3.922138085785509644e-17
7.319451934814458582e+03 4.988516170431721438e-17
7.323531015396123621e+03 4.532567599347592160e-17
7.327610095977788660e+03 3.942241552520753408e-17
7.331689176559453699e+03 3.663597491376140505e-17
7.335768257141118738e+03 4.877893336648064793e-17
7.339847337722783777e+03 5.659728569765425533e-17
7.343926418304448816e+03 5.755459836417412532e-17
7.348005498886113855e+03 5.098209584079113502e-17
7.352084579467778894e+03 4.971214860739562311e-17
7.356163660049443934e+03 4.847156628574574369e-17
7.360242740631108973e+03 5.686093131993205673e-17
7.364321821212774012e+03 5.708207971105933379e-17
7.368400901794439051e+03 5.615148166960247638e-17
7.372479982376104090e+03 5.367745724935027527e-17
7.376559062957769129e+03 5.648892503740980870e-17
7.380638143539434168e+03 5.820517260722463137e-17
7.384717224121099207e+03 6.000042585170561882e-17
7.388796304702764246e+03 6.707711481077438076e-17
7.392875385284429285e+03 6.263254103062895458e-17
7.396954465866094324e+03 6.620731123561772067e-17
7.401033546447759363e+03 7.110396238158052796e-17
7.405112627029424402e+03 7.160691466379237049e-17
7.409191707611089441e+03 7.198604793447237540e-17
7.413270788192754480e+03 6.323228006195440176e-17
7.417349868774419519e+03 7.173856873008631037e-17
7.421428949356084559e+03 7.270171136556345410e-17
7.425508029937749598e+03 6.595279768730250469e-17
7.429587110519414637e+03 6.428624712868986793e-17
7.433666191101079676e+03 6.223786999932275359e-17
7.437745271682744715e+03 6.209108845398644393e-17
7.441824352264409754e+03 6.286022745731785076e-17
7.445903432846074793e+03 6.714849718891525683e-17
7.449982513427739832e+03 5.964338822954813038e-17
7.454061594009404871e+03 6.164167791846393379e-17
7.458140674591069910e+03 6.720745200553313622e-17
