3.338269287109369998e+03 -1.393984124300695979e-17
3.342348367214197879e+03 4.210610045223987579e-17
3.346427447319025759e+03 -3.446763178015572511e-18
3.350506527423853640e+03 9.781186577493550385e-18
3.354585607528681521e+03 4.306468697690307745e-17
3.358664687633509402e+03 3.927793354197412184e-17
3.362743767738337283e+03 -4.064947509820339660e-18
3.366822847843165164e+03 6.356384713869015738e-17
3.370901927947993045e+03 9.481613606080427053e-19
3.374981008052820926e+03 2.416707090374931694e-17
3.379060088157648806e+03 6.295218347165414574e-17
3.383139168262476687e+03 2.393955653062783179e-17
3.387218248367304568e+03 1.881241977878324886e-17
3.391297328472132449e+03 -8.095564542677891013e-18
3.395376408576960330e+03 1.741743592399422130e-17
3.399455488681788211e+03 4.856120950308934041e-17
3.403534568786616092e+03 1.162174946720774248e-17
3.407613648891443972e+03 2.677377674861624880e-17
3.411692728996271853e+03 -1.160459870438706800e-17
3.415771809101099734e+03 2.269774295063616718e-18
3.419850889205927615e+03 -9.082619315302717665e-18
3.423929969310755496e+03 -2.626983143607903636e-18
3.428009049415583377e+03 -3.636062634017720341e-17
3.432088129520411258e+03 -3.129779460915249286e-17
3.436167209625239138e+03 -1.871395054430371134e-17
3.440246289730067474e+03 1.904435460509821740e-17
3.444325369834895355e+03 2.036971797645110684e-17
3.448404449939723236e+03 5.959177215932482145e-17
3.452483530044551117e+03 2.109911922315546622e-17
3.456562610149378997e+03 4.544112393720872256e-17
3.460641690254206878e+03 4.958177832541236553e-17
3.464720770359034759e+03 2.875159040864891456e-17
3.468799850463862640e+03 2.817461869650337691e-17
3.472878930568690521e+03 2.358191010353950432e-17
3.476958010673518402e+03 2.688580347333553044e-17
3.481037090778346283e+03 1.499047477187383725e-17
3.485116170883174163e+03 2.665004541822934181e-17
3.489195250988002044e+03 2.586281266617895005e-17
3.493274331092829925e+03 1.481327117796905234e-17
3.497353411197657806e+03 3.836929880014177242e-17
3.501432491302485687e+03 3.328160532862616807e-17
3.505511571407313568e+03 3.129212676759527952e-18
3.509590651512141449e+03 2.583153696721832008e-17
3.513669731616969329e+03 3.476313874526784403e-17
3.517748811721797210e+03 1.210096580174237587e-17
3.521827891826625091e+03 5.340713793389039604e-17
3.525906971931452972e+03 3.226089092251533362e-17
3.529986052036280853e+03 5.147156838774081340e-17
3.534065132141108734e+03 4.633768845954269820e-17
3.538144212245936615e+03 8.150724750953744643e-17
3.542223292350764495e+03 2.461418684025260499e-17
3.546302372455592376e+03 3.062456554348538449e-17
3.550381452560420257e+03 2.054085006465975252e-17
3.554460532665248138e+03 7.707452226448622981e-18
3.558539612770076019e+03 2.415931029524234444e-17
3.562618692874903900e+03 2.994724689686981394e-17
3.566697772979731781e+03 8.700901932389097090e-18
3.570776853084559662e+03 3.585929533196596482e-17
3.574855933189387542e+03 1.919116592893657896e-17
3.578935013294215423e+03 2.635047699630958752e-17
3.583014093399043304e+03 2.457029663695054134e-17
3.587093173503871185e+03 1.968027286205550891e-17
3.591172253608699066e+03 2.843233839687284842e-17
3.595251333713526947e+03 2.124459216876271699e-17
3.599330413818354828e+03 3.562683111005896235e-17
3.603409493923182708e+03 1.701233910824740195e-17
3.607488574028010589e+03 1.963749108077426632e-17
3.611567654132838470e+03 4.162252487587708794e-18
3.615646734237666351e+03 2.051169856551215872e-17
3.619725814342494232e+03 1.903275587854899885e-17
3.623804894447322113e+03 2.289534523203681603e-17
3.627883974552149994e+03 3.360974456890350394e-17
3.631963054656977874e+03 3.599557830096775145e-17
3.636042134761805755e+03 2.057257244115116114e-17
3.640121214866633636e+03 1.268313799839903441e-17
3.644200294971461517e+03 1.320579868588556537e-17
3.648279375076289398e+03 3.381245675853819911e-17
3.652358455181117279e+03 2.295575588653278875e-17
3.656437535285945160e+03 2.353411560774619038e-17
3.660516615390773040e+03 2.104525818474968838e-17
3.664595695495600921e+03 3.542191531127242591e-17
3.668674775600429257e+03 2.476474363790460666e-17
3.672753855705257138e+03 2.601806454098780271e-17
3.676832935810085019e+03 2.466088118583122340e-17
3.680912015914912899e+03 1.823814302107340898e-17
3.684991096019740780e+03 1.904456801769625608e-17
3.689070176124568661e+03 2.746983599918982074e-17
3.693149256229396542e+03 2.017816610764097712e-17
3.697228336334224423e+03 2.273496980051380992e-17
3.701307416439052304e+03 2.309821293162667117e-17
3.705386496543880185e+03 1.654293561731948512e-17
3.709465576648708065e+03 1.704810143485051955e-17
3.713544656753535946e+03 1.392303624168233248e-17
3.717623736858363827e+03 1.881444802564522889e-17
3.721702816963191708e+03 2.799103423135335794e-17
3.725781897068019589e+03 1.690835588780458594e-17
3.729860977172847470e+03 2.293710792680339329e-17
3.733940057277675351e+03 2.043644167338208427e-17
3.738019137382503231e+03 2.073946936462353532e-17
3.742098217487331112e+03 1.998322445268060508e-17
3.746177297592158993e+03 2.682580640914583424e-17
3.750256377696986874e+03 2.556187277880358284e-17
3.754335457801814755e+03 2.032168690700260274e-17
3.758414537906642636e+03 2.474232538894319451e-17
3.762493618011470517e+03 1.984076244450304734e-17
3.766572698116298398e+03 2.386095948318426820e-17
3.770651778221126278e+03 1.501451760355830355e-17
3.774730858325954159e+03 2.165909568243548937e-17
3.778809938430782040e+03 2.268837802533114808e-17
3.782889018535609921e+03 2.707666547351479094e-17
3.786968098640437802e+03 2.021894942056229159e-17
3.791047178745265683e+03 1.973030736294761645e-17
3.795126258850093564e+03 2.705310240658560539e-17
3.799205338954921444e+03 1.832957791162379555e-17
3.803284419059749325e+03 1.953563371450571160e-17
3.807363499164577206e+03 3.017743140900862027e-17
3.811442579269405087e+03 4.332926235018938845e-17
3.815521659374232968e+03 6.099342639857347663e-17
3.819600739479060849e+03 6.862479620664069723e-17
3.823679819583888730e+03 5.770762677749643544e-17
3.827758899688716610e+03 3.252306085458034042e-17
3.831837979793544491e+03 1.680176373970977769e-17
3.835917059898372372e+03 2.543318663654748322e-17
3.839996140003200253e+03 2.467039210851435812e-17
3.844075220108028134e+03 2.209771481968663271e-17
3.848154300212856469e+03 2.435924315801886144e-17
3.852233380317684350e+03 2.462829523278030943e-17
3.856312460422512231e+03 2.225292368110363262e-17
3.860391540527340112e+03 2.063698995853434072e-17
3.864470620632167993e+03 1.899593806948426358e-17
3.868549700736995874e+03 3.194725050401482722e-17
3.872628780841823755e+03 2.789591176963220997e-17
3.876707860946651635e+03 2.827140544561698157e-17
3.880786941051479516e+03 2.661475623893660454e-17
3.884866021156307397e+03 2.730395650787088678e-17
3.888945101261135278e+03 1.863920484979219466e-17
3.893024181365963159e+03 2.155111883399526734e-17
3.897103261470791040e+03 1.391705572585357409e-17
3.901182341575618921e+03 1.945169638902750567e-17
3.905261421680446801e+03 1.597475848944661126e-17
3.909340501785274682e+03 1.004741465764374234e-17
3.913419581890102563e+03 2.773390513794124929e-17
3.917498661994930444e+03 2.451345940270079771e-17
3.921577742099758325e+03 2.421129197929640180e-17
3.925656822204586206e+03 2.277480681881436373e-17
3.929735902309414087e+03 2.139973651009193775e-17
3.933814982414241967e+03 1.876400489753052015e-17
3.937894062519069848e+03 2.695077851045157076e-17
3.941973142623897729e+03 3.053473042023967547e-17
3.946052222728725610e+03 3.819168988773683653e-17
3.950131302833553491e+03 3.095518632560037944e-17
3.954210382938381372e+03 2.868941951380942900e-17
3.958289463043209253e+03 3.333408166668653215e-17
3.962368543148037134e+03 3.843333581444317761e-17
3.966447623252865014e+03 3.764841420502425902e-17
3.970526703357692895e+03 3.432253272018534831e-17
3.974605783462520776e+03 3.064169810833258280e-17
3.978684863567348657e+03 2.274898885753535863e-17
3.982763943672176538e+03 2.314587342416075152e-17
3.986843023777004419e+03 2.381855324190112469e-17
3.990922103881832300e+03 3.119593558852271303e-17
3.995001183986660180e+03 3.486878956182556694e-17
3.999080264091488061e+03 3.530259285355042656e-17
4.003159344196315942e+03 4.043494746069899398e-17
4.007238424301143823e+03 3.498929323346229201e-17
4.011317504405971704e+03 3.194725050401482722e-17
4.015396584510799585e+03 3.623288980126431467e-17
4.019475664615627466e+03 2.650196850805377411e-17
4.023554744720455346e+03 3.321558969829953604e-17
4.027633824825283227e+03 2.707108862182495843e-17
4.031712904930111108e+03 2.591979713857772813e-17
4.035791985034938989e+03 3.150576766748302529e-17
4.039871065139766870e+03 3.488001605709913663e-17
4.043950145244594751e+03 3.552225231957510817e-17
4.048029225349422632e+03 3.622257982210945373e-17
4.052108305454250512e+03 3.226220779405051804e-17
4.056187385559078393e+03 3.043957487129402538e-17
4.060266465663906274e+03 2.793648332431671088e-17
4.064345545768734155e+03 2.739464859023120073e-17
4.068424625873562036e+03 2.453717797958514322e-17
4.072503705978389917e+03 2.998749088803174384e-17
4.076582786083217798e+03 3.069503802295245223e-17
4.080661866188045678e+03 3.136666897567610816e-17
4.084740946292873559e+03 4.230768105879659843e-17
4.088820026397701440e+03 3.189117096720618216e-17
4.092899106502529321e+03 3.391415034304546834e-17
4.096978186607357202e+03 3.892697735168012326e-17
4.101057266712185083e+03 3.687082472455501046e-17
4.105136346817012964e+03 3.775942184322887533e-17
4.109215426921840844e+03 4.422967491673296077e-17
4.113294507026668725e+03 3.939652146331217410e-17
4.117373587131496606e+03 3.926626036916977351e-17
4.121452667236324487e+03 3.629509709205075256e-17
4.125531747341152368e+03 3.642743606389188635e-17
4.129610827445980249e+03 3.959013135748633576e-17
4.133689907550808130e+03 3.387674854446827064e-17
4.137768987655636010e+03 3.860002925148486375e-17
4.141848067760463891e+03 3.776567532865977622e-17
4.145927147865291772e+03 3.546945503543707352e-17
4.150006227970119653e+03 3.425623915717289846e-17
4.154085308074947534e+03 3.500207813700991161e-17
4.158164388179775415e+03 3.638688767026453694e-17
4.162243468284603296e+03 3.663821822758264886e-17
4.166322548389431176e+03 3.592642931048076855e-17
4.170401628494259057e+03 3.544375949688872627e-17
4.174480708599086938e+03 3.488245789426739317e-17
4.178559788703914819e+03 3.461841522529556631e-17
4.182638868808742700e+03 3.477185061147925252e-17
4.186717948913570581e+03 3.430417923675402173e-17
4.190797029018398462e+03 3.211616078509815547e-17
4.194876109123226342e+03 3.486859434720100443e-17
4.198955189228054223e+03 3.310367877886601182e-17
4.203034269332883014e+03 2.960805321488631941e-17
4.207113349437710895e+03 3.624779559590252023e-17
4.211192429542538775e+03 2.996471033396203346e-17
4.215271509647366656e+03 3.162568900396851303e-17
4.219350589752194537e+03 2.892090435387116869e-17
4.223429669857022418e+03 4.249290665028192260e-17
4.227508749961850299e+03 4.167465627962201741e-17
4.231587830066678180e+03 3.465079769191579224e-17
4.235666910171506061e+03 3.931785658705838117e-17
4.239745990276333941e+03 3.796822869961686121e-17
4.243825070381161822e+03 3.681056958001419771e-17
4.247904150485989703e+03 3.465209140239382517e-17
4.251983230590817584e+03 3.570265710245047329e-17
4.256062310695645465e+03 3.452219757644339813e-17
4.260141390800473346e+03 3.785774383955937841e-17
4.264220470905301227e+03 4.098165428859244146e-17
4.268299551010129107e+03 4.021736918109549580e-17
4.272378631114956988e+03 4.025401328223159492e-17
4.276457711219784869e+03 4.346799377380433204e-17
4.280536791324612750e+03 3.225073976203808286e-17
4.284615871429440631e+03 3.828907220689147938e-17
4.288694951534268512e+03 3.555463809491778431e-17
4.292774031639096393e+03 3.648944814005376173e-17
4.296853111743924273e+03 3.794326769745246105e-17
4.300932191848752154e+03 3.582560261125545490e-17
4.305011271953580035e+03 3.842978224653164981e-17
4.309090352058407916e+03 3.624300787451706330e-17
4.313169432163235797e+03 3.416147072875392319e-17
4.317248512268063678e+03 3.943830070169100242e-17
4.321327592372891559e+03 3.964589325693976046e-17
4.325406672477719439e+03 3.907809332342621078e-17
4.329485752582547320e+03 3.966103727959438129e-17
4.333564832687375201e+03 3.612674598506151016e-17
4.337643912792203082e+03 3.521324742122734894e-17
4.341722992897030963e+03 3.869820897275000771e-17
4.345802073001858844e+03 3.247872728246994835e-17
4.349881153106686725e+03 3.478740822444014987e-17
4.353960233211514606e+03 2.730594174134101405e-17
4.358039313316342486e+03 3.663901232097069977e-17
4.362118393421170367e+03 3.356245961636752267e-17
4.366197473525998248e+03 3.491108826962907856e-17
4.370276553630826129e+03 3.121211524130425026e-17
4.374355633735654010e+03 3.468604882090035207e-17
4.378434713840481891e+03 3.256224605455820245e-17
4.382513793945309772e+03 3.820384282529646562e-17
4.386592874050137652e+03 3.443421202904735768e-17
4.390671954154965533e+03 3.235860742263744789e-17
4.394751034259793414e+03 3.753014061231897691e-17
4.398830114364621295e+03 3.203499451467200219e-17
4.402909194469449176e+03 3.393370158400377170e-17
4.406988274574277057e+03 3.445220155300916093e-17
4.411067354679104938e+03 3.597618256996460806e-17
4.415146434783932818e+03 3.072126295709283342e-17
4.419225514888760699e+03 3.562041880595045128e-17
4.423304594993588580e+03 3.306896035419593614e-17
4.427383675098416461e+03 3.213017322467480376e-17
4.431462755203244342e+03 3.314383343452178600e-17
4.435541835308072223e+03 3.188463954908946345e-17
4.439620915412900104e+03 3.146847174802423438e-17
4.443699995517727984e+03 3.519008967279831437e-17
4.447779075622555865e+03 3.350052694954445238e-17
4.451858155727383746e+03 3.544566532102004844e-17
4.455937235832211627e+03 3.612517103317520919e-17
4.460016315937039508e+03 3.757938763726793396e-17
4.464095396041867389e+03 3.756580533160981325e-17
4.468174476146695270e+03 3.945405352927646228e-17
4.472253556251523150e+03 3.563457682931490890e-17
4.476332636356351031e+03 3.477291932883067103e-17
4.480411716461178912e+03 2.990194056035905951e-17
4.484490796566006793e+03 3.878268065690392290e-17
4.488569876670834674e+03 3.780774242589177300e-17
4.492648956775662555e+03 3.692023056818157770e-17
4.496728036880490436e+03 3.251541108827545002e-17
4.500807116985318316e+03 3.233513534557564317e-17
4.504886197090146197e+03 3.974070800747303870e-17
4.508965277194974078e+03 4.098564791658984748e-17
4.513044357299801959e+03 3.790356633677236593e-17
4.517123437404629840e+03 3.675110522013898566e-17
4.521202517509457721e+03 4.232816866820831182e-17
4.525281597614285602e+03 3.567641231597539083e-17
4.529360677719113482e+03 3.920463541353457295e-17
4.533439757823941363e+03 3.944713168191061855e-17
4.537518837928769244e+03 3.674387897030772241e-17
4.541597918033598035e+03 3.502676120648849395e-17
4.545676998138425915e+03 3.802784856944723324e-17
4.549756078243253796e+03 3.886725822017624487e-17
4.553835158348081677e+03 3.624077117814071991e-17
4.557914238452909558e+03 3.556913360797216356e-17
4.561993318557737439e+03 3.257538499140799474e-17
4.566072398662565320e+03 3.586365953687779460e-17
4.570151478767393201e+03 4.186999332691518979e-17
4.574230558872221081e+03 3.445506359792859441e-17
4.578309638977048962e+03 3.787951523328177410e-17
4.582388719081876843e+03 3.416359823728940957e-17
4.586467799186704724e+03 3.532263378543136132e-17
4.590546879291532605e+03 4.155090344253918404e-17
4.594625959396360486e+03 3.852369702455847036e-17
4.598705039501188367e+03 3.705595436308927848e-17
4.602784119606016247e+03 3.506707468082187831e-17
4.606863199710844128e+03 3.814190023230604469e-17
4.610942279815672009e+03 3.919404750169389420e-17
4.615021359920499890e+03 3.512145684301356456e-17
4.619100440025327771e+03 3.888502936845633412e-17
4.623179520130155652e+03 4.001775726439664937e-17
4.627258600234983533e+03 3.343099414725324487e-17
4.631337680339811413e+03 3.972524634746319751e-17
4.635416760444639294e+03 3.638079631223369644e-17
4.639495840549467175e+03 3.577365566878712476e-17
4.643574920654295056e+03 3.361056844079360676e-17
4.647654000759122937e+03 3.652573489916523795e-17
4.651733080863950818e+03 4.091877201842616029e-17
4.655812160968778699e+03 4.059088424105504055e-17
4.659891241073606579e+03 3.570806686365657009e-17
4.663970321178434460e+03 3.986570161547470161e-17
4.668049401283262341e+03 4.189666493858634961e-17
4.672128481388090222e+03 3.599090307614560174e-17
4.676207561492918103e+03 4.180021567916266658e-17
4.680286641597745984e+03 4.477020105108941203e-17
4.684365721702573865e+03 3.653695146827145700e-17
4.688444801807401745e+03 3.571549825427974649e-17
4.692523881912229626e+03 4.128928606712336266e-17
4.696602962017057507e+03 4.075085435407789568e-17
4.700682042121885388e+03 3.944108995471653123e-17
4.704761122226713269e+03 4.045408180262857062e-17
4.708840202331541150e+03 4.169328438701671159e-17
4.712919282436369031e+03 3.447608722037724216e-17
4.716998362541196911e+03 4.069334544917075898e-17
4.721077442646024792e+03 4.147010774902745451e-17
4.725156522750852673e+03 3.745218049394707916e-17
4.729235602855680554e+03 4.204094178102784870e-17
4.733314682960508435e+03 3.825488648653588785e-17
4.737393763065336316e+03 3.728928877900068673e-17
4.741472843170164197e+03 3.632193083112197278e-17
4.745551923274992077e+03 3.830730326759214811e-17
4.749631003379819958e+03 3.919057003439872127e-17
4.753710083484647839e+03 4.143904215394241300e-17
4.757789163589475720e+03 3.996363318255607966e-17
4.761868243694303601e+03 3.548257411995216454e-17
4.765947323799131482e+03 3.768812549187170477e-17
4.770026403903959363e+03 3.817873623934425612e-17
4.774105484008787244e+03 3.575651317777257582e-17
4.778184564113615124e+03 3.661627478029284215e-17
4.782263644218443005e+03 3.899977255430723991e-17
4.786342724323270886e+03 4.097455377021428627e-17
4.790421804428098767e+03 3.916903686869274085e-17
4.794500884532926648e+03 3.824891424251325499e-17
4.798579964637754529e+03 3.826653980700553490e-17
4.802659044742582410e+03 3.735594299276020970e-17
4.806738124847410290e+03 3.671874260585346100e-17
4.810817204952238171e+03 3.303140635438602869e-17
4.814896285057066052e+03 3.466432044056980914e-17
4.818975365161893933e+03 3.972227511470290703e-17
4.823054445266721814e+03 3.921412152079933107e-17
4.827133525371549695e+03 3.790672947543476871e-17
4.831212605476377576e+03 3.526674284580237834e-17
4.835291685581205456e+03 3.823181476489055880e-17
4.839370765686033337e+03 3.830035495044670267e-17
4.843449845790861218e+03 3.288990553008025756e-17
4.847528925895689099e+03 3.365191423653145729e-17
4.851608006000516980e+03 3.741236994542612704e-17
4.855687086105344861e+03 3.675996597886065369e-17
4.859766166210172742e+03 3.492892228363572184e-17
4.863845246315000622e+03 3.118926851278553563e-17
4.867924326419828503e+03 3.157135978133603017e-17
4.872003406524656384e+03 3.218316903215985114e-17
4.876082486629484265e+03 3.428719887313953318e-17
4.880161566734312146e+03 3.603565354728472054e-17
4.884240646839140027e+03 3.141376202230997713e-17
4.888319726943967908e+03 3.095483229229820674e-17
4.892398807048795788e+03 3.063351563771320825e-17
4.896477887153623669e+03 2.946669797436835762e-17
4.900556967258451550e+03 2.838934485735479225e-17
4.904636047363279431e+03 3.375762791881573423e-17
4.908715127468107312e+03 3.132721907790222916e-17
4.912794207572935193e+03 3.364934005046519227e-17
4.916873287677763074e+03 3.207999313999488689e-17
4.920952367782590954e+03 2.975648912144773512e-17
4.925031447887418835e+03 3.570744813255838043e-17
4.929110527992246716e+03 3.306002018613546302e-17
4.933189608097074597e+03 2.865773518762619783e-17
4.937268688201902478e+03 2.828143418336357448e-17
4.941347768306730359e+03 3.503490728116091617e-17
4.945426848411558240e+03 3.733701379162254622e-17
4.949505928516386120e+03 3.360695200715552492e-17
4.953585008621214001e+03 3.432715500544829463e-17
4.957664088726041882e+03 3.205372850118510316e-17
4.961743168830869763e+03 3.386330189643060862e-17
4.965822248935697644e+03 2.880420240432973733e-17
4.969901329040525525e+03 3.270279396679831249e-17
4.973980409145353406e+03 3.788857782407290507e-17
4.978059489250181286e+03 3.974117784606096882e-17
4.982138569355009167e+03 4.662797260626715731e-17
4.986217649459837048e+03 4.131025344129035681e-17
4.990296729564664929e+03 3.439586724457184953e-17
4.994375809669492810e+03 3.124836229574632393e-17
4.998454889774320691e+03 3.801846172385598148e-17
5.002533969879148572e+03 3.455437821099416112e-17
5.006613049983976452e+03 3.392029794935796244e-17
5.010692130088804333e+03 3.453674933777943100e-17
5.014771210193632214e+03 3.203200012085456023e-17
5.018850290298460095e+03 3.275531662697297953e-17
5.022929370403287976e+03 3.556896155440475253e-17
5.027008450508115857e+03 3.808820959310645277e-17
5.031087530612943738e+03 3.511588826312985758e-17
5.035166610717771619e+03 3.423292259006625372e-17
5.039245690822599499e+03 3.406110063322673881e-17
5.043324770927427380e+03 4.255769143585707572e-17
5.047403851032255261e+03 3.871743595890819029e-17
5.051482931137083142e+03 3.392427503374311740e-17
5.055562011241911023e+03 3.853869546342528186e-17
5.059641091346738904e+03 4.074511372062677766e-17
5.063720171451567694e+03 4.034201206451743622e-17
5.067799251556395575e+03 4.003910514164541791e-17
5.071878331661223456e+03 4.097292918749123212e-17
5.075957411766051337e+03 4.514465578822481702e-17
5.080036491870879217e+03 4.625688614858606824e-17
5.084115571975707098e+03 4.966463535301057720e-17
5.088194652080534979e+03 3.854599119642799956e-17
5.092273732185362860e+03 3.321531507433616844e-17
5.096352812290190741e+03 3.659736874021233015e-17
5.100431892395018622e+03 3.710429148936442720e-17
5.104510972499846503e+03 3.716299815179854068e-17
5.108590052604674383e+03 3.829343310308085894e-17
5.112669132709502264e+03 3.444478008855333517e-17
5.116748212814330145e+03 3.257164944376170527e-17
5.120827292919158026e+03 5.022702552531803008e-17
5.124906373023985907e+03 6.256580409880817630e-17
5.128985453128813788e+03 7.062069699794744750e-17
5.133064533233641669e+03 7.360282207254402118e-17
5.137143613338469549e+03 6.109198000547549456e-17
5.141222693443297430e+03 3.745267018486971055e-17
5.145301773548125311e+03 3.089315108838135257e-17
5.149380853652953192e+03 4.123422230810693272e-17
5.153459933757781073e+03 3.767041059187326913e-17
5.157539013862608954e+03 3.928543110704630248e-17
5.161618093967436835e+03 3.655617183698473915e-17
5.165697174072264716e+03 3.288087602651362871e-17
5.169776254177092596e+03 3.201559216622395837e-17
5.173855334281920477e+03 4.098495970232020336e-17
5.177934414386748358e+03 3.437538294388258636e-17
5.182013494491576239e+03 3.073003768903079594e-17
5.186092574596404120e+03 3.092175830268588648e-17
5.190171654701232001e+03 3.419721485738356462e-17
5.194250734806059882e+03 3.000186397835546525e-17
5.198329814910887762e+03 3.282799602431433876e-17
5.202408895015715643e+03 4.240221787664405885e-17
5.206487975120543524e+03 3.601416339497059288e-17
5.210567055225371405e+03 3.310561438149938591e-17
5.214646135330199286e+03 2.976841706588074978e-17
5.218725215435027167e+03 3.150845435011259753e-17
5.222804295539855048e+03 3.661847838944468341e-17
5.226883375644682928e+03 3.868350831890371530e-17
5.230962455749510809e+03 3.137085120085317627e-17
5.235041535854338690e+03 3.097112444164305117e-17
5.239120615959166571e+03 3.063769455416782614e-17
5.243199696063994452e+03 3.512353802943474798e-17
5.247278776168822333e+03 3.395909272008669944e-17
5.251357856273650214e+03 3.409118022902161711e-17
5.255436936378478094e+03 3.324960667381016675e-17
5.259516016483305975e+03 3.045158884251074555e-17
5.263595096588133856e+03 3.354365283796051703e-17
5.267674176692961737e+03 3.529695479049526513e-17
5.271753256797789618e+03 3.667952431865109685e-17
5.275832336902617499e+03 3.824599925803461812e-17
5.279911417007445380e+03 3.683945141828209922e-17
5.283990497112273260e+03 3.464524565564433632e-17
5.288069577217101141e+03 3.689235458153854066e-17
5.292148657321929022e+03 3.243813918417319639e-17
5.296227737426756903e+03 3.119022804229609714e-17
5.300306817531584784e+03 3.437033714214601289e-17
5.304385897636412665e+03 4.113647272076031633e-17
5.308464977741240546e+03 4.015110539658509785e-17
5.312544057846068426e+03 4.258834344063584072e-17
5.316623137950896307e+03 3.453213036123893489e-17
5.320702218055724188e+03 3.435828677498234038e-17
5.324781298160552069e+03 4.006352020460553307e-17
5.328860378265379950e+03 3.898220985554151402e-17
5.332939458370207831e+03 3.590336751500279014e-17
5.337018538475035712e+03 3.703867290573182062e-17
5.341097618579863592e+03 3.361046256167519997e-17
5.345176698684691473e+03 3.473957402397743338e-17
5.349255778789519354e+03 3.482877387251270167e-17
5.353334858894347235e+03 3.504390038878059269e-17
5.357413938999175116e+03 3.476783051370224481e-17
5.361493019104002997e+03 3.961468869551181004e-17
5.365572099208830878e+03 3.748490045025722672e-17
5.369651179313658758e+03 3.347742544939707142e-17
5.373730259418486639e+03 3.755593872126328074e-17
5.377809339523315430e+03 3.910527116963225306e-17
5.381888419628143311e+03 4.105144186251231530e-17
5.385967499732971191e+03 3.955949589631982182e-17
5.390046579837799072e+03 3.276697987360997722e-17
5.394125659942626953e+03 3.199973676824254193e-17
5.398204740047454834e+03 3.030587270580340420e-17
5.402283820152282715e+03 3.664111997717148489e-17
5.406362900257110596e+03 3.582553643680645066e-17
5.410441980361938477e+03 3.755316601185000299e-17
5.414521060466766357e+03 3.512428249198604570e-17
5.418600140571594238e+03 4.325737373751362992e-17
5.422679220676422119e+03 3.711450551556823199e-17
5.426758300781250000e+03 3.765055825717199647e-17
5.430837380886077881e+03 3.535170422087892492e-17
5.434916460990905762e+03 3.539144528622842258e-17
5.438995541095733643e+03 3.568893913917189388e-17
5.443074621200561523e+03 3.685262013363394343e-17
5.447153701305389404e+03 3.194027240836732988e-17
5.451232781410217285e+03 3.261704511577861543e-17
5.455311861515045166e+03 3.649304803007959251e-17
5.459390941619873047e+03 3.498166001076965267e-17
5.463470021724700928e+03 3.646454007744856496e-17
5.467549101829528809e+03 3.474883844683802729e-17
5.471628181934356689e+03 3.094701708987080573e-17
5.475707262039184570e+03 3.493650256676915779e-17
5.479786342144012451e+03 3.687153279115935585e-17
5.483865422248840332e+03 3.788908736733023774e-17
5.487944502353668213e+03 3.819605740137111652e-17
5.492023582458496094e+03 3.483172856166074109e-17
5.496102662563323975e+03 3.150220748212659706e-17
5.500181742668151855e+03 3.561897951168460901e-17
5.504260822772979736e+03 3.831557838244012860e-17
5.508339902877807617e+03 3.292994438045027431e-17
5.512418982982635498e+03 2.507474942479355506e-17
5.516498063087463379e+03 2.755506703514605960e-17
5.520577143192291260e+03 3.805719362885816445e-17
5.524656223297119141e+03 3.171733068967203786e-17
5.528735303401947021e+03 3.094136579192584345e-17
5.532814383506774902e+03 3.469540588798955192e-17
5.536893463611602783e+03 3.489727104467699279e-17
5.540972543716430664e+03 3.391467312119260185e-17
5.545051623821258545e+03 3.686475652758132145e-17
5.549130703926086426e+03 3.571715923294975297e-17
5.553209784030914307e+03 3.499679410725692287e-17
5.557288864135742188e+03 3.280272069351716844e-17
5.561367944240570068e+03 3.856643248372540998e-17
5.565447024345397949e+03 3.709631415953696580e-17
5.569526104450225830e+03 3.201831855352293315e-17
5.573605184555053711e+03 3.394376010025241652e-17
5.577684264659881592e+03 3.230972766588046437e-17
5.581763344764709473e+03 3.143962299698083499e-17
5.585842424869537354e+03 3.479687778809265693e-17
5.589921504974365234e+03 3.314525287645292699e-17
5.594000585079193115e+03 3.556414736323969391e-17
5.598079665184020996e+03 3.717055527387482514e-17
5.602158745288848877e+03 3.058224698334717159e-17
5.606237825393676758e+03 3.142053828588801153e-17
5.610316905498504639e+03 3.655085141128479808e-17
5.614395985603332520e+03 3.031411142470443235e-17
5.618475065708160400e+03 3.286907050481127190e-17
5.622554145812988281e+03 3.408982034409457993e-17
5.626633225917816162e+03 3.548811292133381961e-17
5.630712306022644043e+03 3.351721945430577248e-17
5.634791386127471924e+03 3.260278452201820123e-17
5.638870466232299805e+03 3.233790143754402050e-17
5.642949546337127686e+03 3.003524237043320503e-17
5.647028626441955566e+03 3.463675878255954225e-17
5.651107706546783447e+03 3.374446912963124066e-17
5.655186786651611328e+03 2.966973441880317358e-17
5.659265866756439209e+03 3.388934485083622814e-17
5.663344946861267090e+03 2.962871618658789404e-17
5.667424026966094971e+03 2.622011829485490568e-17
5.671503107070922852e+03 3.190880976658826292e-17
5.675582187175750732e+03 3.252993637983188119e-17
5.679661267280578613e+03 3.035122867315091181e-17
5.683740347385406494e+03 3.404855064897308427e-17
5.687819427490234375e+03 3.081065802025266423e-17
5.691898507595062256e+03 3.033366266566273571e-17
5.695977587699890137e+03 2.903730851839208095e-17
5.700056667804718018e+03 2.744802490079802250e-17
5.704135747909545898e+03 2.757398465575514735e-17
5.708214828014373779e+03 2.840618625462637190e-17
5.712293908119201660e+03 2.462851360846202343e-17
5.716372988224029541e+03 2.339404911462258620e-17
5.720452068328857422e+03 2.471260148081171401e-17
5.724531148433685303e+03 2.856906142596051326e-17
5.728610228538513184e+03 3.358578280091906784e-17
5.732689308643341064e+03 3.232360113911420375e-17
5.736768388748168945e+03 2.982793767403761544e-17
5.740847468852996826e+03 3.102382246410757946e-17
5.744926548957824707e+03 2.774956366693687811e-17
5.749005629062652588e+03 2.605735727444529663e-17
5.753084709167480469e+03 2.582941442176650901e-17
5.757163789272308350e+03 2.526287014842281482e-17
5.761242869377136230e+03 3.009407476432042657e-17
5.765321949481964111e+03 3.123648067342761224e-17
5.769401029586791992e+03 2.396227918205466346e-17
5.773480109691619873e+03 2.998244177757272016e-17
5.777559189796447754e+03 3.235100728716931067e-17
5.781638269901275635e+03 3.140638357124600412e-17
5.785717350006103516e+03 3.257005133081825282e-17
5.789796430110931396e+03 3.548400348805065617e-17
5.793875510215759277e+03 3.074757391801692013e-17
5.797954590320587158e+03 2.711077840197647780e-17
5.802033670425415039e+03 2.460326143872200460e-17
5.806112750530242920e+03 2.440209111374910827e-17
5.810191830635070801e+03 2.967792019814499834e-17
5.814270910739898682e+03 2.840152757341647325e-17
5.818349990844726562e+03 3.076268485344703884e-17
5.822429070949554443e+03 2.123052348090441509e-17
5.826508151054382324e+03 2.219339645550186653e-17
5.830587231159210205e+03 2.775209318525006526e-17
5.834666311264038086e+03 2.504314285358790387e-17
5.838745391368865967e+03 2.438891412659113854e-17
5.842824471473693848e+03 2.868601814713061095e-17
5.846903551578521729e+03 2.880824235444144632e-17
5.850982631683349609e+03 2.868493950361184180e-17
5.855061711788177490e+03 2.709603473473833264e-17
5.859140791893005371e+03 2.708118353402055558e-17
5.863219871997833252e+03 2.756381529730442042e-17
5.867298952102661133e+03 2.743527639319735524e-17
5.871378032207489014e+03 2.983335736141106288e-17
5.875457112312316895e+03 2.698046767699732403e-17
5.879536192417144775e+03 2.388278050774341707e-17
5.883615272521972656e+03 2.349158859809361412e-17
5.887694352626800537e+03 1.837929808388313294e-17
5.891773432731628418e+03 2.343051289038514877e-17
5.895852512836456299e+03 2.449297510201153453e-17
5.899931592941284180e+03 2.547210548436810317e-17
5.904010673046112061e+03 2.632203190940511400e-17
5.908089753150939941e+03 2.794180044129420174e-17
5.912168833255767822e+03 1.766636434881347923e-17
5.916247913360595703e+03 1.685413254429050987e-17
5.920326993465423584e+03 1.989741769901802931e-17
5.924406073570251465e+03 2.421859267538279482e-17
5.928485153675079346e+03 2.309622604379531880e-17
5.932564233779907227e+03 2.331059486262211124e-17
5.936643313884735107e+03 2.555433220033954944e-17
5.940722393989562988e+03 2.481501636681312947e-17
5.944801474094390869e+03 2.580907901358750538e-17
5.948880554199218750e+03 2.202156457249500099e-17
5.952959634304047540e+03 2.224368903674509061e-17
5.957038714408875421e+03 3.010694900337420189e-17
5.961117794513703302e+03 2.785542955045386480e-17
5.965196874618531183e+03 2.514482982065027267e-17
5.969275954723359064e+03 2.473844591187032081e-17
5.973355034828186945e+03 3.080722356634934406e-17
5.977434114933014826e+03 2.674719447245124470e-17
5.981513195037842706e+03 2.255855533691340060e-17
5.985592275142670587e+03 2.586443228581832888e-17
5.989671355247498468e+03 2.719042927752043394e-17
5.993750435352326349e+03 3.152540162650258396e-17
5.997829515457154230e+03 3.192853636983642752e-17
6.001908595561982111e+03 2.404339747600528867e-17
6.005987675666809992e+03 2.121239333623847783e-17
6.010066755771637872e+03 2.414157388854798242e-17
6.014145835876465753e+03 2.786007168805151239e-17
6.018224915981293634e+03 3.101334043138530749e-17
6.022303996086121515e+03 2.808536590840890522e-17
6.026383076190949396e+03 2.965620836142670647e-17
6.030462156295777277e+03 2.784777647542652419e-17
6.034541236400605158e+03 2.277541562374520276e-17
6.038620316505433038e+03 2.606437011167852120e-17
6.042699396610260919e+03 2.118108289569212063e-17
6.046778476715088800e+03 2.360468238580308917e-17
6.050857556819916681e+03 2.486103242428945440e-17
6.054936636924744562e+03 2.356005599175585333e-17
6.059015717029572443e+03 2.591246997271173341e-17
6.063094797134400324e+03 2.886360720720084557e-17
6.067173877239228204e+03 2.599820062575795431e-17
6.071252957344056085e+03 2.739452782186176799e-17
6.075332037448883966e+03 2.850203332656411632e-17
6.079411117553711847e+03 2.414172608978069217e-17
6.083490197658539728e+03 2.732102786135275616e-17
6.087569277763367609e+03 2.328993354528176171e-17
6.091648357868195490e+03 2.613753589122006161e-17
6.095727437973023370e+03 2.588928079141942183e-17
6.099806518077851251e+03 2.137686662051607164e-17
6.103885598182679132e+03 2.248478075244102117e-17
6.107964678287507013e+03 2.603381240548958725e-17
6.112043758392334894e+03 2.967399936204149699e-17
6.116122838497162775e+03 2.729060415842305581e-17
6.120201918601990656e+03 2.599257248887014351e-17
6.124280998706818536e+03 2.995140926971218078e-17
6.128360078811646417e+03 2.565379405155415060e-17
6.132439158916474298e+03 2.363874237470557264e-17
6.136518239021302179e+03 2.360413148351512885e-17
6.140597319126130060e+03 2.667324783441145424e-17
6.144676399230957941e+03 2.691425848640735459e-17
6.148755479335785822e+03 2.634291491114962774e-17
6.152834559440613702e+03 2.069068390645638285e-17
6.156913639545441583e+03 2.205728884878994115e-17
6.160992719650270374e+03 2.245324862749049975e-17
6.165071799755098255e+03 2.048971045046927414e-17
6.169150879859926135e+03 2.589050005564232500e-17
6.173229959964754016e+03 2.486593595096066875e-17
6.177309040069581897e+03 2.169847609703791391e-17
6.181388120174409778e+03 2.333850559085087550e-17
6.185467200279237659e+03 2.789446916664391749e-17
6.189546280384065540e+03 2.432381997546689058e-17
6.193625360488893421e+03 2.295689077833321150e-17
6.197704440593721301e+03 2.655592384504938300e-17
6.201783520698549182e+03 2.111965480904270769e-17
6.205862600803377063e+03 2.215899566818701122e-17
6.209941680908204944e+03 2.319875011763759126e-17
6.214020761013032825e+03 2.026443608244658258e-17
6.218099841117860706e+03 2.193164011374313624e-17
6.222178921222688587e+03 2.665370486525927641e-17
6.226258001327516467e+03 2.430066388139908112e-17
6.230337081432344348e+03 2.672573906172284427e-17
6.234416161537172229e+03 2.506318874855251394e-17
6.238495241642000110e+03 1.702766676499800955e-17
6.242574321746827991e+03 2.073341440253964716e-17
6.246653401851655872e+03 2.212484138069469670e-17
6.250732481956483753e+03 2.082803393844836288e-17
6.254811562061311633e+03 2.330134367465131818e-17
6.258890642166139514e+03 2.691765819872494754e-17
6.262969722270967395e+03 2.123207361737233946e-17
6.267048802375795276e+03 2.906216364143807433e-17
6.271127882480623157e+03 2.274602920530364390e-17
6.275206962585451038e+03 2.122497144463295917e-17
6.279286042690278919e+03 2.595706327953446713e-17
6.283365122795106799e+03 2.516573598345193789e-17
6.287444202899934680e+03 2.513351564423177236e-17
6.291523283004762561e+03 2.417634194405481128e-17
6.295602363109590442e+03 2.245128820943874908e-17
6.299681443214418323e+03 2.401632220019520297e-17
6.303760523319246204e+03 2.509300033782892506e-17
6.307839603424074085e+03 2.586361999445680181e-17
6.311918683528901965e+03 2.114424192557023388e-17
6.315997763633729846e+03 2.444676879299432240e-17
6.320076843738557727e+03 2.208446669499598342e-17
6.324155923843385608e+03 2.583250476853500712e-17
6.328235003948213489e+03 2.424374558344930729e-17
6.332314084053041370e+03 3.099328957333702210e-17
6.336393164157869251e+03 2.314784542274107794e-17
6.340472244262697131e+03 2.532157846521815341e-17
6.344551324367525012e+03 2.633192995261492353e-17
6.348630404472352893e+03 2.709344731378226677e-17
6.352709484577180774e+03 2.663199964598588496e-17
6.356788564682008655e+03 2.831430634090643180e-17
6.360867644786836536e+03 2.834190439486365101e-17
6.364946724891664417e+03 3.194741263141488762e-17
6.369025804996492298e+03 3.259341422003920053e-17
6.373104885101320178e+03 3.120738707692289715e-17
6.377183965206148059e+03 2.718488551305510355e-17
6.381263045310975940e+03 2.348915503273148311e-17
6.385342125415803821e+03 2.915233956309615519e-17
6.389421205520631702e+03 2.843672907156427989e-17
6.393500285625459583e+03 3.102300851838482728e-17
6.397579365730287464e+03 3.134472221966385123e-17
6.401658445835115344e+03 2.988081105879200497e-17
6.405737525939943225e+03 3.292519636373421993e-17
6.409816606044771106e+03 3.260830677978760524e-17
6.413895686149598987e+03 2.955214573164508538e-17
6.417974766254426868e+03 2.846418154173368977e-17
6.422053846359254749e+03 2.767730282298547071e-17
6.426132926464082630e+03 3.215494562965954184e-17
6.430212006568910510e+03 3.233357031985669284e-17
6.434291086673738391e+03 3.504550181044649535e-17
6.438370166778566272e+03 3.337824649395196340e-17
6.442449246883394153e+03 3.009003150548626737e-17
6.446528326988222034e+03 3.393102813626400031e-17
6.450607407093049915e+03 3.441760555106974310e-17
6.454686487197877796e+03 3.229915629765203668e-17
6.458765567302705676e+03 3.009522950845555059e-17
6.462844647407533557e+03 3.730809886613014258e-17
6.466923727512361438e+03 4.029882331037481754e-17
6.471002807617189319e+03 3.159553330755727986e-17
6.475081887722017200e+03 3.446489381232817459e-17
6.479160967826845081e+03 3.267463012130210700e-17
6.483240047931672962e+03 3.011066800740824030e-17
6.487319128036500842e+03 3.257447840145663662e-17
6.491398208141328723e+03 3.135945265201219555e-17
6.495477288246156604e+03 2.954050564606523917e-17
6.499556368350984485e+03 2.325234811260857724e-17
6.503635448455812366e+03 2.476595297596015919e-17
6.507714528560640247e+03 2.763170035581542230e-17
6.511793608665468128e+03 3.018394959223553813e-17
6.515872688770296008e+03 2.794617126365093194e-17
6.519951768875123889e+03 2.608288903123235839e-17
6.524030848979951770e+03 2.633460340035469492e-17
6.528109929084779651e+03 2.666539127295342558e-17
6.532189009189607532e+03 2.645588958485089516e-17
6.536268089294435413e+03 3.228373103358914782e-17
6.540347169399263294e+03 2.545457256410442920e-17
6.544426249504091174e+03 2.796866726758992408e-17
6.548505329608919055e+03 2.285051700592011725e-17
6.552584409713746936e+03 2.600632850245690036e-17
6.556663489818574817e+03 2.690484682539772624e-17
6.560742569923402698e+03 2.436052859669076884e-17
6.564821650028230579e+03 2.672752908056840902e-17
6.568900730133058460e+03 2.424730411444451041e-17
6.572979810237886340e+03 2.392416435378944505e-17
6.577058890342714221e+03 1.837360873562999321e-17
6.581137970447542102e+03 2.531735488101045765e-17
6.585217050552369983e+03 2.365051315482220222e-17
6.589296130657197864e+03 1.828896996099234232e-17
6.593375210762025745e+03 2.746007195923924480e-17
6.597454290866853626e+03 2.787293269221548686e-17
6.601533370971681506e+03 2.688364287757554193e-17
6.605612451076509387e+03 2.683869222872818530e-17
6.609691531181337268e+03 2.946655569930299850e-17
6.613770611286165149e+03 3.060259231769352586e-17
6.617849691390993030e+03 3.197689003972382731e-17
6.621928771495820911e+03 3.053434329971300065e-17
6.626007851600648792e+03 3.255778920541776674e-17
6.630086931705476673e+03 4.004098118727468817e-17
6.634166011810304553e+03 3.915937539913812149e-17
6.638245091915132434e+03 4.279438751377789949e-17
6.642324172019960315e+03 5.153589987834028747e-17
6.646403252124788196e+03 5.226183689263927477e-17
6.650482332229616077e+03 4.862422412215363005e-17
6.654561412334443958e+03 5.644787702669247726e-17
6.658640492439271839e+03 5.842211892084013905e-17
6.662719572544099719e+03 5.502188382510006179e-17
6.666798652648927600e+03 5.561327164096117361e-17
6.670877732753755481e+03 5.930601765363470272e-17
6.674956812858583362e+03 5.673279773432514253e-17
6.679035892963411243e+03 5.456691463586119529e-17
6.683114973068239124e+03 5.383134593050964054e-17
6.687194053173067005e+03 5.182408298630886189e-17
6.691273133277894885e+03 5.352986506701366365e-17
6.695352213382722766e+03 4.957923722657060263e-17
6.699431293487550647e+03 4.983413127796759300e-17
6.703510373592378528e+03 5.326056152934599954e-17
6.707589453697206409e+03 5.306578696486936321e-17
6.711668533802034290e+03 5.191106599080248807e-17
6.715747613906862171e+03 5.649722331331494068e-17
6.719826694011690051e+03 7.663128249633336525e-17
6.723905774116517932e+03 8.583099998069092717e-17
6.727984854221345813e+03 8.858477688410856224e-17
6.732063934326173694e+03 8.032274472469621207e-17
6.736143014431001575e+03 5.916636971390105038e-17
6.740222094535829456e+03 5.557790801541330657e-17
6.744301174640657337e+03 5.488542549380841392e-17
6.748380254745485217e+03 5.101504409895034722e-17
6.752459334850313098e+03 5.301439257905021850e-17
6.756538414955140979e+03 4.916383374039137255e-17
6.760617495059968860e+03 5.069043195680493746e-17
6.764696575164796741e+03 5.372140370093399253e-17
6.768775655269624622e+03 4.435713021423758149e-17
6.772854735374452503e+03 4.570365452002080249e-17
6.776933815479280383e+03 4.786449181674817626e-17
6.781012895584108264e+03 4.254904905281712169e-17
6.785091975688937055e+03 4.237494738620941064e-17
6.789171055793764936e+03 4.378080039424738499e-17
6.793250135898592816e+03 3.809919786036360719e-17
6.797329216003420697e+03 3.865949361136007581e-17
6.801408296108248578e+03 4.296857189844686584e-17
6.805487376213076459e+03 3.849263473819587906e-17
6.809566456317904340e+03 3.802445051149086540e-17
6.813645536422732221e+03 3.592941046940840966e-17
6.817724616527560102e+03 3.773996655522162812e-17
6.821803696632387982e+03 3.675122102542474308e-17
6.825882776737215863e+03 3.452218765027604750e-17
6.829961856842043744e+03 3.121236008676556595e-17
6.834040936946871625e+03 3.214282247060196466e-17
6.838120017051699506e+03 3.234649418974722135e-17
6.842199097156527387e+03 3.265660089267090121e-17
6.846278177261355268e+03 3.111963314009837155e-17
6.850357257366183148e+03 3.047738033401014895e-17
6.854436337471011029e+03 2.636494603958436508e-17
6.858515417575838910e+03 2.724529616755107627e-17
6.862594497680666791e+03 2.670589003574402182e-17
6.866673577785494672e+03 2.462726456573706836e-17
6.870752657890322553e+03 2.102019792091178185e-17
6.874831737995150434e+03 1.908134777645281390e-17
6.878910818099978314e+03 2.645384314001543896e-17
6.882989898204806195e+03 2.853232468059580819e-17
6.887068978309634076e+03 2.746728828290315741e-17
6.891148058414461957e+03 2.781360398996073351e-17
6.895227138519289838e+03 2.485430248282572297e-17
6.899306218624117719e+03 2.649958126480594608e-17
6.903385298728945600e+03 2.554327610427216568e-17
6.907464378833773480e+03 2.311344132670377241e-17
6.911543458938601361e+03 2.358903212861358589e-17
6.915622539043429242e+03 1.892074735180319337e-17
6.919701619148257123e+03 2.114538178045433195e-17
6.923780699253085004e+03 1.981304362217639538e-17
6.927859779357912885e+03 2.175006073439794582e-17
6.931938859462740766e+03 2.267845351234173685e-17
6.936017939567568646e+03 2.106345119514217967e-17
6.940097019672396527e+03 2.023145473706286827e-17
6.944176099777224408e+03 2.428095051304071737e-17
6.948255179882052289e+03 2.790561294385623188e-17
6.952334259986880170e+03 2.339588545558245392e-17
6.956413340091708051e+03 1.872629869648790294e-17
6.960492420196535932e+03 2.575616426980248820e-17
6.964571500301363812e+03 2.469297248487583067e-17
6.968650580406191693e+03 2.965029567440817743e-17
6.972729660511019574e+03 2.204778950663538218e-17
6.976808740615847455e+03 2.305872002046093942e-17
6.980887820720675336e+03 1.913179090456752264e-17
6.984966900825503217e+03 2.226242798634186690e-17
6.989045980930331098e+03 2.488802829076073502e-17
6.993125061035159888e+03 2.081861069691015879e-17
6.997204141139987769e+03 1.566511169894351088e-17
7.001283221244815650e+03 1.611463307666810313e-17
7.005362301349643531e+03 1.934706796770689830e-17
7.009441381454471411e+03 2.312398126206892309e-17
7.013520461559299292e+03 1.868747083853466382e-17
7.017599541664127173e+03 1.855444530678511102e-17
7.021678621768955054e+03 2.308293159699036654e-17
7.025757701873782935e+03 1.244028852390142867e-17
7.029836781978610816e+03 2.213421830011859783e-17
7.033915862083438697e+03 2.009670701527798006e-17
7.037994942188266577e+03 2.132793392419988474e-17
7.042074022293094458e+03 2.464176504187512293e-17
7.046153102397922339e+03 2.353989263714426072e-17
7.050232182502750220e+03 1.918718553582897380e-17
7.054311262607578101e+03 2.256410571882363141e-17
7.058390342712405982e+03 1.806812431796925967e-17
7.062469422817233863e+03 1.667134051816731671e-17
7.066548502922061743e+03 1.918547823504466435e-17
7.070627583026889624e+03 2.053895085797333077e-17
7.074706663131717505e+03 2.058796296362832277e-17
7.078785743236545386e+03 1.971320623096369515e-17
7.082864823341373267e+03 1.908932841500272552e-17
7.086943903446201148e+03 1.770318215787821450e-17
7.091022983551029029e+03 2.046559151816845296e-17
7.095102063655856909e+03 1.965183935567961114e-17
7.099181143760684790e+03 2.026130768536990703e-17
7.103260223865512671e+03 1.707109209279581840e-17
7.107339303970340552e+03 1.381442163698983207e-17
7.111418384075168433e+03 1.516521171319198903e-17
7.115497464179996314e+03 1.651313395421042464e-17
7.119576544284824195e+03 2.304393499419216660e-17
7.123655624389652075e+03 2.069316379393281683e-17
7.127734704494479956e+03 1.826724985246792491e-17
7.131813784599307837e+03 1.987315814601307412e-17
7.135892864704135718e+03 2.040008046801547827e-17
7.139971944808963599e+03 2.506411684519979844e-17
7.144051024913791480e+03 1.563438855663206633e-17
7.148130105018619361e+03 1.371295221842856472e-17
7.152209185123447241e+03 2.120623249503618288e-17
7.156288265228275122e+03 2.193248714669039054e-17
7.160367345333103003e+03 1.950155718199097707e-17
7.164446425437930884e+03 1.835308638463255260e-17
7.168525505542758765e+03 1.629704790843197211e-17
7.172604585647586646e+03 1.266711137403081950e-17
7.176683665752414527e+03 1.533237664318283039e-17
7.180762745857242408e+03 1.398469263018081005e-17
7.184841825962070288e+03 1.613461941462860939e-17
7.188920906066898169e+03 1.571877752272472621e-17
7.192999986171726050e+03 2.024004252618239380e-17
7.197079066276553931e+03 1.697462463539865920e-17
7.201158146381381812e+03 1.768516285541435934e-17
7.205237226486209693e+03 1.822456402413773847e-17
7.209316306591037574e+03 1.845743852762856725e-17
7.213395386695865454e+03 1.574790089773149321e-17
7.217474466800693335e+03 1.886064771721754059e-17
7.221553546905521216e+03 2.163602230642893521e-17
7.225632627010349097e+03 1.610041715066076680e-17
7.229711707115176978e+03 1.646284137296720056e-17
7.233790787220004859e+03 1.956625924950487489e-17
7.237869867324832740e+03 2.038893834516438899e-17
7.241948947429660620e+03 2.605004830655277808e-17
7.246028027534488501e+03 2.543069847726492372e-17
7.250107107639316382e+03 1.585297765094410431e-17
7.254186187744144263e+03 1.691436452777417114e-17
7.258265267848972144e+03 2.235301088086132386e-17
7.262344347953800025e+03 1.995700282726267411e-17
7.266423428058627906e+03 1.880259783618979421e-17
7.270502508163455786e+03 2.444622450815126251e-17
7.274581588268283667e+03 2.627601254320633886e-17
7.278660668373111548e+03 1.916299546599547305e-17
7.282739748477939429e+03 2.270958031879210729e-17
7.286818828582767310e+03 2.105450606399803123e-17
7.290897908687595191e+03 2.415672618300872878e-17
7.294976988792423072e+03 2.084441542329936304e-17
7.299056068897250952e+03 1.754392342018215497e-17
7.303135149002078833e+03 1.605159033346298668e-17
7.307214229106906714e+03 1.893074961977018458e-17
7.311293309211734595e+03 1.938729210653412693e-17
7.315372389316562476e+03 1.843803948790297365e-17
7.319451469421390357e+03 1.902660992659772985e-17
7.323530549526218238e+03 2.498932317421275368e-17
7.327609629631046118e+03 2.371603082242007733e-17
7.331688709735873999e+03 1.925517151037470714e-17
7.335767789840701880e+03 1.945194288885004647e-17
7.339846869945529761e+03 2.546982577459990703e-17
7.343925950050357642e+03 3.078993549154698578e-17
7.348005030155185523e+03 2.238796918790903991e-17
7.352084110260013404e+03 2.450074067360218235e-17
7.356163190364841284e+03 2.710944333246781722e-17
7.360242270469669165e+03 3.108124203350856043e-17
7.364321350574497046e+03 2.292931092234946845e-17
7.368400430679324927e+03 2.300337005695256612e-17
7.372479510784152808e+03 2.977498818866687103e-17
7.376558590888980689e+03 3.247896881920881384e-17
7.380637670993808570e+03 2.871231918188734702e-17
7.384716751098636450e+03 2.281521955482125445e-17
7.388795831203464331e+03 2.128628207163538958e-17
7.392874911308292212e+03 1.055376582499256526e-17
7.396953991413120093e+03 2.633404753498305928e-17
7.401033071517947974e+03 2.097170363032024805e-17
7.405112151622775855e+03 3.052367597853351681e-17
7.409191231727603736e+03 3.407603620636699628e-17
7.413270311832431616e+03 2.991519530249460922e-17
7.417349391937259497e+03 3.337298562525612615e-17
7.421428472042087378e+03 2.386129366415173963e-17
7.425507552146915259e+03 2.565023882928139768e-17
7.429586632251743140e+03 3.303839768492332688e-17
7.433665712356571021e+03 2.710768143776307927e-17
7.437744792461398902e+03 2.347995016687499302e-17
7.441823872566226783e+03 2.780089187830701858e-17
7.445902952671054663e+03 2.689213967682768663e-17
7.449982032775882544e+03 3.053710608295892776e-17
7.454061112880710425e+03 2.751081287237447262e-17
7.458140192985538306e+03 2.950441410157832547e-17
