4.799999999999997272e+03 6.576055429550028064e-17
4.803515889167782916e+03 7.030072368467723512e-17
4.807031778335568561e+03 7.222380611229971725e-17
4.810547667503354205e+03 5.196225523582971963e-17
4.814063556671139850e+03 6.624659900599153928e-17
4.817579445838925494e+03 7.678405944674945925e-17
4.821095335006711139e+03 4.643089517096517336e-17
4.824611224174496783e+03 2.898170543761626643e-17
4.828127113342282428e+03 3.120437613949320413e-17
4.831643002510068072e+03 2.429569914336253785e-17
4.835158891677853717e+03 2.595418469100278260e-17
4.838674780845639361e+03 6.045627516111624173e-17
4.842190670013425006e+03 6.669000090154446423e-17
4.845706559181210650e+03 4.388058815462333203e-17
4.849222448348996295e+03 5.627266693806394515e-17
4.852738337516781939e+03 4.910047170546981063e-17
4.856254226684567584e+03 6.446237704215955901e-17
4.859770115852353229e+03 7.569018256981953460e-17
4.863286005020138873e+03 5.929312687096867634e-17
4.866801894187924518e+03 4.719898861800231316e-17
4.870317783355710162e+03 6.960324499217252219e-17
4.873833672523495807e+03 7.348605725727603579e-17
4.877349561691281451e+03 7.488463438464599371e-17
4.880865450859067096e+03 4.519907103764100539e-17
4.884381340026852740e+03 2.904328076241471381e-17
4.887897229194638385e+03 7.245100946551088247e-17
4.891413118362424029e+03 9.859026092932137906e-17
4.894929007530209674e+03 5.907805329425998872e-17
4.898444896697995318e+03 6.791626638115227585e-17
4.901960785865780963e+03 6.643816741841392006e-17
4.905476675033566607e+03 5.276843207826880083e-17
4.908992564201352252e+03 3.314124932228817034e-17
4.912508453369137897e+03 1.825242512152974955e-17
4.916024342536923541e+03 1.115180003707554065e-17
4.919540231704709186e+03 3.314639438569825017e-17
4.923056120872494830e+03 4.406162159476423746e-17
4.926572010040280475e+03 2.877990314665537959e-17
4.930087899208066119e+03 3.600753271518036781e-17
4.933603788375851764e+03 3.476384681187218943e-17
4.937119677543637408e+03 3.606683494765551947e-17
4.940635566711423053e+03 5.422006126140545973e-17
4.944151455879208697e+03 6.505514128655995906e-17
4.947667345046994342e+03 5.217972432759236082e-17
4.951183234214779986e+03 3.461239665915863048e-17
4.954699123382565631e+03 2.573981752653721526e-17
4.958215012550351275e+03 2.045197612528583013e-17
4.961730901718136920e+03 4.197472431863175373e-17
4.965246790885922564e+03 6.100972516536322149e-17
4.968762680053708209e+03 3.965855573775672221e-17
4.972278569221493854e+03 5.014721583109646376e-17
4.975794458389279498e+03 4.884217959611645242e-17
4.979310347557065143e+03 3.615273930863037650e-17
4.982826236724850787e+03 3.672532696352938310e-17
4.986342125892636432e+03 4.175500860432541852e-17
4.989858015060422076e+03 4.982900937561466465e-17
4.993373904228207721e+03 5.936941277578076676e-17
4.996889793395993365e+03 3.975270543507750782e-17
5.000405682563779010e+03 4.106960674876397978e-17
5.003921571731564654e+03 4.488907021383573232e-17
5.007437460899350299e+03 5.766873605381664229e-17
5.010953350067135943e+03 6.572632225303038614e-17
5.014469239234921588e+03 5.407205218004012138e-17
5.017985128402707232e+03 3.951582406869947218e-17
5.021501017570492877e+03 4.370360789948393645e-17
5.025016906738278522e+03 5.515924874634306778e-17
5.028532795906064166e+03 4.532243013675226351e-17
5.032048685073849811e+03 3.513691850302340576e-17
5.035564574241635455e+03 3.707493650378614536e-17
5.039080463409421100e+03 3.292991791067067262e-17
5.042596352577206744e+03 3.157701769672589288e-17
5.046112241744992389e+03 3.605625034453729093e-17
5.049628130912778033e+03 5.490252166270865989e-17
5.053144020080563678e+03 6.576028959770426367e-17
5.056659909248349322e+03 5.085424018787003864e-17
5.060175798416134967e+03 4.769348380563141353e-17
5.063691687583920611e+03 4.197996533499288971e-17
5.067207576751706256e+03 4.418099037460053978e-17
5.070723465919491900e+03 4.501701851098543464e-17
5.074239355087277545e+03 6.768639619764623967e-17
5.077755244255063189e+03 9.045439697438051709e-17
5.081271133422849744e+03 7.945824172290479178e-17
5.084787022590635388e+03 6.312785678142570755e-17
5.088302911758421033e+03 5.622959398920708389e-17
5.091818800926206677e+03 5.769929541436680134e-17
5.095334690093992322e+03 7.243413498101480071e-17
5.098850579261777966e+03 6.149140897966510057e-17
5.102366468429563611e+03 3.946958467245775793e-17
5.105882357597349255e+03 2.541153766555574538e-17
5.109398246765134900e+03 3.790569715403030253e-17
5.112914135932920544e+03 5.663892927841262495e-17
5.116430025100706189e+03 5.605451624947656026e-17
5.119945914268491833e+03 4.533855023252969692e-17
5.123461803436277478e+03 8.043115832449986209e-17
5.126977692604063122e+03 9.076832856045664215e-17
5.130493581771848767e+03 8.193979017800877523e-17
5.134009470939634411e+03 1.070310964499431917e-16
5.137525360107420056e+03 1.213614248447180593e-16
5.141041249275205701e+03 1.076820478873530219e-16
5.144557138442991345e+03 7.873447853925559384e-17
5.148073027610776990e+03 6.534687134499516086e-17
5.151588916778562634e+03 5.677970218377934941e-17
5.155104805946348279e+03 3.698697411744725639e-17
5.158620695114133923e+03 3.527712892557359416e-17
5.162136584281919568e+03 5.132484639940860756e-17
5.165652473449705212e+03 7.214108805104441449e-17
5.169168362617490857e+03 7.710086962135726885e-17
5.172684251785276501e+03 5.263055761376846217e-17
5.176200140953062146e+03 3.611237620346023896e-17
5.179716030120847790e+03 3.521032251058136143e-17
5.183231919288633435e+03 4.963444326065239169e-17
5.186747808456419079e+03 6.914091720420438396e-17
5.190263697624204724e+03 5.895721213293334201e-17
5.193779586791990369e+03 5.264265761176888786e-17
5.197295475959776013e+03 5.221045574170993090e-17
5.200811365127561658e+03 4.179550074967111433e-17
5.204327254295347302e+03 3.983612494549225555e-17
5.207843143463132947e+03 4.833075036698716647e-17
5.211359032630918591e+03 5.145361195100351228e-17
5.214874921798704236e+03 4.358528136721945094e-17
5.218390810966489880e+03 5.976366690805824103e-17
5.221906700134275525e+03 6.185067668075403197e-17
5.225422589302061169e+03 5.931759156476554468e-17
5.228938478469846814e+03 5.813695336774615807e-17
5.232454367637632458e+03 3.682900578150677959e-17
5.235970256805418103e+03 4.815860415534753078e-17
5.239486145973203747e+03 4.967592471401070092e-17
5.243002035140989392e+03 2.668281004229256724e-17
5.246517924308775036e+03 2.898489173733582070e-17
5.250033813476560681e+03 4.404793671871016017e-17
5.253549702644346326e+03 5.990412217606974512e-17
5.257065591812131970e+03 5.837854966361574597e-17
5.260581480979917615e+03 4.438799728597561027e-17
5.264097370147703259e+03 4.761875961781582322e-17
5.267613259315488904e+03 5.990987273568821377e-17
5.271129148483274548e+03 5.256174280424895070e-17
5.274645037651060193e+03 3.902650041426005334e-17
5.278160926818845837e+03 4.787682673404256700e-17
5.281676815986631482e+03 5.821358337969307056e-17
5.285192705154417126e+03 5.300367893575643169e-17
5.288708594322202771e+03 6.578930709359262388e-17
5.292224483489988415e+03 8.637994350496071803e-17
5.295740372657774060e+03 6.901165203551949722e-17
5.299256261825559704e+03 5.484152867306144985e-17
5.302772150993345349e+03 5.533812489944643490e-17
5.306288040161130994e+03 4.590681669590872651e-17
5.309803929328916638e+03 4.776942891203113210e-17
5.313319818496702283e+03 3.784190498519021304e-17
5.316835707664487927e+03 2.587839509455822399e-17
5.320351596832273572e+03 4.591991592808911625e-17
5.323867486000059216e+03 5.618920110553489444e-17
5.327383375167844861e+03 4.582592174072349061e-17
5.330899264335630505e+03 5.263397221533708107e-17
5.334415153503416150e+03 6.247811633643265495e-17
5.337931042671201794e+03 5.797685090582529446e-17
5.341446931838987439e+03 5.072082918995503612e-17
5.344962821006773083e+03 4.209225014006328790e-17
5.348478710174558728e+03 3.674519253312045662e-17
5.351994599342344372e+03 3.313500245430216987e-17
5.355510488510130017e+03 4.274292695350975053e-17
5.359026377677915661e+03 5.685524031731769190e-17
5.362542266845701306e+03 6.127675230198513967e-17
5.366058156013486951e+03 5.871631066877829866e-17
5.369574045181272595e+03 6.355835465942280527e-17
5.373089934349058240e+03 6.086007164894012772e-17
5.376605823516843884e+03 4.071604328517921406e-17
5.380121712684629529e+03 4.112516019870304112e-17
5.383637601852415173e+03 4.408217868734740530e-17
5.387153491020200818e+03 4.283356278758841088e-17
5.390669380187986462e+03 4.104673685918811368e-17
5.394185269355772107e+03 3.479222572432765870e-17
5.397701158523557751e+03 3.936235559529128385e-17
5.401217047691343396e+03 5.428687760256504309e-17
5.404732936859129040e+03 4.363249352786152755e-17
5.408248826026914685e+03 3.976827297420575580e-17
5.411764715194700329e+03 5.389310985248775001e-17
5.415280604362485974e+03 4.043724371407944119e-17
5.418796493530271619e+03 4.030475254100559764e-17
5.422312382698057263e+03 4.486560475421882803e-17
5.425828271865842908e+03 3.150701505584675526e-17
5.429344161033628552e+03 3.827607554510704621e-17
5.432860050201414197e+03 3.303656465268590937e-17
5.436375939369199841e+03 3.396153124853250576e-17
5.439891828536985486e+03 3.770238939435456918e-17
5.443407717704771130e+03 3.644784095524234444e-17
5.446923606872556775e+03 4.495134037034872424e-17
5.450439496040342419e+03 4.998547555156274515e-17
5.453955385208128064e+03 5.654300941458097586e-17
5.457471274375913708e+03 5.463595112978487098e-17
5.460987163543699353e+03 5.717741723973974555e-17
5.464503052711484997e+03 5.375079839118167692e-17
5.468018941879270642e+03 3.044382327092009773e-17
5.471534831047056286e+03 3.025211920087725825e-17
5.475050720214841931e+03 4.016661999615414244e-17
5.478566609382627576e+03 3.832490897974972675e-17
5.482082498550413220e+03 4.411686733351542907e-17
5.485598387718198865e+03 5.755362559977376296e-17
5.489114276885984509e+03 5.260235737232530435e-17
5.492630166053770154e+03 3.818778559524558624e-17
5.496146055221555798e+03 4.424077898927587262e-17
5.499661944389341443e+03 6.695761037331761974e-17
5.503177833557127087e+03 6.535036535590258485e-17
5.506693722724912732e+03 5.849588357914516784e-17
5.510209611892698376e+03 6.562627972102577276e-17
5.513725501060484021e+03 6.996512658399712116e-17
5.517241390228269665e+03 6.238150825833136174e-17
5.520757279396055310e+03 5.918400520456068093e-17
5.524273168563840954e+03 5.686798551619590895e-17
5.527789057731626599e+03 4.736460010280277994e-17
5.531304946899412244e+03 5.520740389288345483e-17
5.534820836067197888e+03 6.282438737573715318e-17
5.538336725234983533e+03 6.123838435645248004e-17
5.541852614402769177e+03 6.383422931987659064e-17
5.545368503570554822e+03 4.891091168757470860e-17
5.548884392738340466e+03 3.609019121943156676e-17
5.552400281906126111e+03 4.393323654625110714e-17
5.555916171073911755e+03 3.915178518983733491e-17
5.559432060241697400e+03 4.754911762768375871e-17
5.562947949409483044e+03 6.078743195626817105e-17
5.566463838577268689e+03 6.125966605925224433e-17
5.569979727745054333e+03 5.166405331628190294e-17
5.573495616912839978e+03 5.514817445230220784e-17
5.577011506080625622e+03 3.701255385070984622e-17
5.580527395248411267e+03 3.019972888960059968e-17
5.584043284416196911e+03 4.843643427076939150e-17
5.587559173583982556e+03 3.698033682021213090e-17
5.591075062751768201e+03 3.222839926805425069e-17
5.594590951919553845e+03 4.774196320697192137e-17
5.598106841087339490e+03 6.137735069936138869e-17
5.601622730255125134e+03 6.074453767842362124e-17
5.605138619422910779e+03 4.630388324226888106e-17
5.608654508590696423e+03 5.153072834515060594e-17
5.612170397758482068e+03 5.575180784995155468e-17
5.615686286926267712e+03 3.088483626886396954e-17
5.619202176094053357e+03 2.558399820582815123e-17
5.622718065261839001e+03 3.841389045260328104e-17
5.626233954429624646e+03 2.455856721586453941e-17
5.629749843597410290e+03 2.782214380260473097e-17
5.633265732765195935e+03 5.541494350857300948e-17
5.636781621932981579e+03 6.143739739438783807e-17
5.640297511100767224e+03 6.167074835391149739e-17
5.643813400268552869e+03 4.897940885973899971e-17
5.647329289436338513e+03 5.497630948207084018e-17
5.650845178604124158e+03 6.702796704749893007e-17
5.654361067771909802e+03 4.654393767347667012e-17
5.657876956939695447e+03 3.597708585119351596e-17
5.661392846107481091e+03 4.914319392974694941e-17
5.664908735275266736e+03 5.545255706538702075e-17
5.668424624443052380e+03 5.346775703790073212e-17
5.671940513610838025e+03 4.781131402952836721e-17
5.675456402778623669e+03 3.680690351553936269e-17
5.678972291946409314e+03 3.346728090636472109e-17
5.682488181114194958e+03 3.793000633787201091e-17
5.686004070281980603e+03 4.166390293165882805e-17
5.689519959449766247e+03 3.705895537435162086e-17
5.693035848617551892e+03 3.172369336294379575e-17
5.696551737785337536e+03 4.102601433048243523e-17
5.700067626953123181e+03 4.269928490439145279e-17
5.703583516120908826e+03 4.167331293830723129e-17
5.707099405288694470e+03 5.788117588745496107e-17
5.710615294456480115e+03 5.513750382240027378e-17
5.714131183624265759e+03 4.498287911274414608e-17
5.717647072792051404e+03 4.956155872251911932e-17
5.721162961959837048e+03 5.639476541392167246e-17
5.724678851127622693e+03 4.967769157179911419e-17
5.728194740295408337e+03 4.556320256073174860e-17
5.731710629463193982e+03 5.091306927303480996e-17
5.735226518630979626e+03 3.937981903238350337e-17
5.738742407798766180e+03 4.031574080826275206e-17
5.742258296966551825e+03 5.150411959920600015e-17
5.745774186134337469e+03 4.067136229721154972e-17
5.749290075302123114e+03 4.484532559432147800e-17
5.752805964469908758e+03 5.618544901427635391e-17
5.756321853637694403e+03 3.732003673673050788e-17
5.759837742805480048e+03 3.390084927879561565e-17
5.763353631973265692e+03 5.140132090140036008e-17
5.766869521141051337e+03 5.361664623943782689e-17
5.770385410308836981e+03 4.341171902237112446e-17
5.773901299476622626e+03 4.871544890882842816e-17
5.777417188644408270e+03 4.553606772791755908e-17
5.780933077812193915e+03 4.010817141407114551e-17
5.784448966979979559e+03 4.418276054111140326e-17
5.787964856147765204e+03 6.561245587862878656e-17
5.791480745315550848e+03 5.275082967483367240e-17
5.794996634483336493e+03 2.940816667422410538e-17
5.798512523651122137e+03 3.350462976538271540e-17
5.802028412818907782e+03 4.010081943278677420e-17
5.805544301986693426e+03 4.765729630819344367e-17
5.809060191154479071e+03 4.540894330265795957e-17
5.812576080322264716e+03 3.472374509577561864e-17
5.816091969490050360e+03 3.824222731444137631e-17
5.819607858657836005e+03 4.778615119529450411e-17
5.823123747825621649e+03 4.428592319838656666e-17
5.826639636993407294e+03 3.679626597286193076e-17
5.830155526161192938e+03 3.711358899944952323e-17
5.833671415328978583e+03 3.965416175434284052e-17
5.837187304496764227e+03 4.873125136725064120e-17
5.840703193664549872e+03 5.690634684428366816e-17
5.844219082832335516e+03 4.804741122868570258e-17
5.847734972000121161e+03 3.791165285444068433e-17
5.851250861167906805e+03 3.593864511376695166e-17
5.854766750335692450e+03 2.464698786026278275e-17
5.858282639503478094e+03 2.347715264204333868e-17
5.861798528671263739e+03 3.134942060554315243e-17
5.865314417839049383e+03 3.931575554830249648e-17
5.868830307006835028e+03 4.978787864683607790e-17
5.872346196174620673e+03 4.979781474035406487e-17
5.875862085342406317e+03 4.057032383974942249e-17
5.879377974510191962e+03 3.838669275406253749e-17
5.882893863677977606e+03 4.079118768074598131e-17
5.886409752845763251e+03 6.123161471031934606e-17
5.889925642013548895e+03 4.121544861692442920e-17
5.893441531181334540e+03 2.181940824823194145e-17
5.896957420349120184e+03 3.258113555102646339e-17
5.900473309516905829e+03 3.435214909483719692e-17
5.903989198684691473e+03 3.280118875502272024e-17
5.907505087852477118e+03 4.190852009112545960e-17
5.911020977020262762e+03 3.479661309029663996e-17
5.914536866188048407e+03 3.491346393234833086e-17
5.918052755355834051e+03 3.400960036828918731e-17
5.921568644523619696e+03 2.818360849540060321e-17
5.925084533691405341e+03 2.483242190126247028e-17
5.928600422859190985e+03 2.466215008089087975e-17
5.932116312026976630e+03 3.768190840238775621e-17
5.935632201194762274e+03 4.629574709376380948e-17
5.939148090362547919e+03 4.866127519615110527e-17
5.942663979530333563e+03 3.741567866787633915e-17
5.946179868698119208e+03 2.563496742081244369e-17
5.949695757865904852e+03 3.518915661306735456e-17
5.953211647033690497e+03 3.599310999401989322e-17
5.956727536201476141e+03 3.904133672572680444e-17
5.960243425369261786e+03 3.737866729854826648e-17
5.963759314537047430e+03 2.913116704813724790e-17
5.967275203704833075e+03 4.487212955489064631e-17
5.970791092872618719e+03 6.179632760578684784e-17
5.974306982040404364e+03 5.076495100382861462e-17
5.977822871208190008e+03 4.506838642702497765e-17
5.981338760375975653e+03 5.727509072647000705e-17
5.984854649543761298e+03 5.114632097088496292e-17
5.988370538711546942e+03 5.481793086454653707e-17
5.991886427879332587e+03 5.928244631489939164e-17
5.995402317047118231e+03 5.095024938720784345e-17
5.998918206214903876e+03 4.516020678374081394e-17
6.002434095382689520e+03 5.495051137312653635e-17
6.005949984550475165e+03 3.764637272327247815e-17
6.009465873718260809e+03 2.443752918555210508e-17
6.012981762886046454e+03 3.754764044535814876e-17
6.016497652053832098e+03 4.405077891129489237e-17
6.020013541221617743e+03 4.460764351711049103e-17
6.023529430389403387e+03 3.347078153471704550e-17
6.027045319557189032e+03 3.799763662475434645e-17
6.030561208724974676e+03 4.758661207048956235e-17
6.034077097892760321e+03 4.292692831768849622e-17
6.037592987060545966e+03 3.917785461402255613e-17
6.041108876228331610e+03 2.521451482417418993e-17
6.044624765396117255e+03 2.266079651498617993e-17
6.048140654563902899e+03 3.738112237060632387e-17
6.051656543731688544e+03 6.069462229153972134e-17
6.055172432899474188e+03 6.372679510191820340e-17
6.058688322067259833e+03 5.382004664334216618e-17
6.062204211235045477e+03 6.327699413714656823e-17
6.065720100402831122e+03 6.266788480384212034e-17
6.069235989570616766e+03 5.112493669768924205e-17
6.072751878738402411e+03 4.365867213988760577e-17
6.076267767906188055e+03 4.558114907130169909e-17
6.079783657073973700e+03 3.366627078324292764e-17
6.083299546241759344e+03 2.576914107925222009e-17
6.086815435409544989e+03 3.932206859073750119e-17
6.090331324577330633e+03 4.924117181894263043e-17
6.093847213745116278e+03 2.926278802720668566e-17
6.097363102912901923e+03 2.471185040081551586e-17
6.100878992080687567e+03 2.082295008640361198e-17
6.104394881248473212e+03 2.429572230441968934e-17
6.107910770416258856e+03 3.348110805748415750e-17
6.111426659584044501e+03 3.621608149121723714e-17
6.114942548751830145e+03 3.181391891543862980e-17
6.118458437919615790e+03 2.623131004854274814e-17
6.121974327087401434e+03 3.145462143584764649e-17
6.125490216255187079e+03 3.962102159028151602e-17
6.129006105422972723e+03 3.615767592252609297e-17
6.132521994590758368e+03 2.544127480857702673e-17
6.136037883758544012e+03 3.132066119000590876e-17
6.139553772926329657e+03 3.541439127642064357e-17
6.143069662094115301e+03 3.116474095326211325e-17
6.146585551261900946e+03 3.482045243555041822e-17
6.150101440429686591e+03 4.690709312344460075e-17
6.153617329597472235e+03 4.667477448532540761e-17
6.157133218765257880e+03 3.361654730226114004e-17
6.160649107933043524e+03 3.574235184568566798e-17
6.164164997100829169e+03 4.137617311866593269e-17
6.167680886268614813e+03 3.708660636786804347e-17
6.171196775436400458e+03 4.713141457940163122e-17
6.174712664604186102e+03 6.629875108925178256e-17
6.178228553771971747e+03 5.758274897478052995e-17
6.181744442939757391e+03 4.516162291694950472e-17
6.185260332107543036e+03 4.656518959777438251e-17
6.188776221275328680e+03 4.484502119185605849e-17
6.192292110443114325e+03 4.569466472112357618e-17
6.195807999610899969e+03 4.770030970004620111e-17
6.199323888778685614e+03 5.000550986599877948e-17
6.202839777946471258e+03 4.522316515452344998e-17
6.206355667114256903e+03 2.582193174594535432e-17
6.209871556282042548e+03 3.005062792982669134e-17
6.213387445449828192e+03 4.111428442800919392e-17
6.216903334617613837e+03 3.991519017716252415e-17
6.220419223785399481e+03 3.891996616880812380e-17
6.223935112953186035e+03 3.284194890688688323e-17
6.227451002120971680e+03 3.521356836730501951e-17
6.230966891288757324e+03 4.565266379834058365e-17
6.234482780456542969e+03 5.137070860129099763e-17
6.237998669624328613e+03 5.664961645192681007e-17
6.241514558792114258e+03 5.213976157783869895e-17
6.245030447959899902e+03 4.131889582433031084e-17
6.248546337127685547e+03 3.278578665201698286e-17
6.252062226295471191e+03 2.464032574760928067e-17
6.255578115463256836e+03 3.281848675599242915e-17
6.259094004631042480e+03 3.890115608167866795e-17
6.262609893798828125e+03 2.125213771031042570e-17
6.266125782966613770e+03 2.515325713673096292e-17
6.269641672134399414e+03 4.327577354305925947e-17
6.273157561302185059e+03 3.349087871487963386e-17
6.276673450469970703e+03 2.654408689048374918e-17
6.280189339637756348e+03 3.076720456831402858e-17
6.283705228805541992e+03 4.259657223336951824e-17
6.287221117973327637e+03 4.061000203937236612e-17
6.290737007141113281e+03 3.934898504786997671e-17
6.294252896308898926e+03 3.838154769065245766e-17
6.297768785476684570e+03 3.502669503203948971e-17
6.301284674644470215e+03 4.214461729028279497e-17
6.304800563812255859e+03 4.654809012015168632e-17
6.308316452980041504e+03 4.492952927195692601e-17
6.311832342147827148e+03 3.023224370511883410e-17
6.315348231315612793e+03 2.973328835962684780e-17
6.318864120483398438e+03 4.519674169703605607e-17
6.322380009651184082e+03 4.991707433234951019e-17
6.325895898818969727e+03 4.242013791743440764e-17
6.329411787986755371e+03 2.652088281994041165e-17
6.332927677154541016e+03 2.767223882327542108e-17
6.336443566322326660e+03 5.191041748120224649e-17
6.339959455490112305e+03 4.791830818740087624e-17
6.343475344657897949e+03 3.712597685630311737e-17
6.346991233825683594e+03 3.545248128926748539e-17
6.350507122993469238e+03 4.094471901988072367e-17
6.354023012161254883e+03 3.889412504647196721e-17
6.357538901329040527e+03 3.462698481644161568e-17
6.361054790496826172e+03 3.825070095263636953e-17
6.364570679664611816e+03 4.313043129198879209e-17
6.368086568832397461e+03 4.673293189983278588e-17
6.371602458000183105e+03 4.632789464109007035e-17
6.375118347167968750e+03 5.121708461792764933e-17
6.378634236335754395e+03 3.401925852912135646e-17
6.382150125503540039e+03 1.899123968360496239e-17
6.385666014671325684e+03 3.881382235260531928e-17
6.389181903839111328e+03 4.188422745089600229e-17
6.392697793006896973e+03 4.559290496216730272e-17
6.396213682174682617e+03 6.867949600618760385e-17
6.399729571342468262e+03 6.021640601836566456e-17
6.403245460510253906e+03 5.389240840332830504e-17
6.406761349678039551e+03 6.154988072280524899e-17
6.410277238845825195e+03 5.731702547480399534e-17
6.413793128013610840e+03 3.862314398652204556e-17
6.417309017181396484e+03 3.327996751101331308e-17
6.420824906349182129e+03 3.777095604969031475e-17
6.424340795516967773e+03 3.373574402853003133e-17
6.427856684684753418e+03 3.328224722078150922e-17
6.431372573852539062e+03 4.866828968774555494e-17
6.434888463020324707e+03 5.202156408574977171e-17
6.438404352188110352e+03 5.188143968998328883e-17
6.441920241355895996e+03 5.006729694903404044e-17
6.445436130523681641e+03 4.804976703907025361e-17
6.448952019691467285e+03 4.659670187039020265e-17
6.452467908859252930e+03 4.434865657604258828e-17
6.455983798027038574e+03 5.255036741646512146e-17
6.459499687194824219e+03 4.346553870174627466e-17
6.463015576362609863e+03 3.621923801243473950e-17
6.466531465530395508e+03 3.559618241400264757e-17
6.470047354698181152e+03 3.152494502280445469e-17
6.473563243865966797e+03 3.535382511196951088e-17
6.477079133033752441e+03 4.756330212082781803e-17
6.480595022201538086e+03 4.642830113256420706e-17
6.484110911369323730e+03 3.937114356211904721e-17
6.487626800537109375e+03 4.028821223747698730e-17
6.491142689704895020e+03 3.721543809391195242e-17
6.494658578872680664e+03 4.666569535092202558e-17
6.498174468040466309e+03 5.801194321613224411e-17
6.501690357208251953e+03 5.541134692726962891e-17
6.505206246376037598e+03 4.260130039775087134e-17
6.508722135543823242e+03 3.063385974484803030e-17
6.512238024711608887e+03 3.450461833406542119e-17
6.515753913879394531e+03 4.582664304221763685e-17
6.519269803047180176e+03 3.442841183859213585e-17
6.522785692214965820e+03 2.463045913726274815e-17
6.526301581382751465e+03 3.132038987476499137e-17
6.529817470550537109e+03 2.454661114729069795e-17
6.533333359718322754e+03 1.926762057859363021e-17
6.536849248886108398e+03 2.596786956705685989e-17
6.540365138053894043e+03 2.372846169266552423e-17
6.543881027221679688e+03 2.346586658976566517e-17
6.547396916389465332e+03 2.672139967222939108e-17
6.550912805557250977e+03 4.241892030757272959e-17
6.554428694725036621e+03 5.149210562798927997e-17
6.557944583892822266e+03 4.496933982047787812e-17
6.561460473060607910e+03 4.193948973325944496e-17
6.564976362228393555e+03 4.101058575769709615e-17
6.568492251396179199e+03 2.869110034481413675e-17
6.572008140563964844e+03 2.545280405195479083e-17
6.575524029731750488e+03 3.173398679848640563e-17
6.579039918899536133e+03 3.308546095305514394e-17
6.582555808067321777e+03 3.493191336873071359e-17
6.586071697235107422e+03 3.945606854124864146e-17
6.589587586402893066e+03 4.070449253510552358e-17
6.593103475570678711e+03 3.479031659147388631e-17
6.596619364738464355e+03 3.148715279497813196e-17
6.600135253906250000e+03 3.967884813254387308e-17
6.603651143074035645e+03 4.784254506073591933e-17
6.607167032241821289e+03 4.231584367708127170e-17
6.610682921409606934e+03 4.577809415770567455e-17
6.614198810577392578e+03 5.578956037310847486e-17
6.617714699745178223e+03 5.299921877789354576e-17
6.621230588912963867e+03 4.646366144938962389e-17
6.624746478080749512e+03 5.580092914344740368e-17
6.628262367248535156e+03 5.769880572344416995e-17
6.631778256416320801e+03 7.296736207364608404e-17
6.635294145584106445e+03 8.732755499725656611e-17
6.638810034751892090e+03 8.016728109165054583e-17
6.642325923919677734e+03 8.947921720662950170e-17
6.645841813087463379e+03 1.049979592961817543e-16
6.649357702255249023e+03 1.177275476218787040e-16
6.652873591423034668e+03 1.149360711348633522e-16
6.656389480590820312e+03 1.045004928757923635e-16
6.659905369758605957e+03 1.109610183052928253e-16
6.663421258926391602e+03 1.158569812369859885e-16
6.666937148094177246e+03 1.127248254516069969e-16
6.670453037261962891e+03 1.133656058762048751e-16
6.673968926429748535e+03 1.180417042010814435e-16
6.677484815597534180e+03 1.144845099297482041e-16
6.681000704765319824e+03 1.107240608382984348e-16
6.684516593933105469e+03 1.167094537239484375e-16
6.688032483100891113e+03 1.128099390279162532e-16
6.691548372268676758e+03 1.044549383850978432e-16
6.695064261436462402e+03 1.143677914365945217e-16
6.698580150604248047e+03 1.229001925423035043e-16
6.702096039772033691e+03 1.185610148070871347e-16
6.705611928939819336e+03 1.115079038041985843e-16
6.709127818107604980e+03 1.123044324119728469e-16
6.712643707275390625e+03 1.178129126610941765e-16
6.716159596443176270e+03 1.263424947352755783e-16
6.719675485610961914e+03 1.279594012222452326e-16
6.723191374778747559e+03 1.387254943843128094e-16
6.726707263946533203e+03 1.586266128893914010e-16
6.730223153114318848e+03 1.720122613199613084e-16
6.733739042282104492e+03 1.817205294449164717e-16
6.737254931449890137e+03 1.656487013105867627e-16
6.740770820617675781e+03 1.466664414997116759e-16
6.744286709785461426e+03 1.412000349652672436e-16
6.747802598953247070e+03 1.335545832344519203e-16
6.751318488121032715e+03 1.329982414067834551e-16
6.754834377288818359e+03 1.385946807335212234e-16
6.758350266456604004e+03 1.250097148625505384e-16
6.761866155624389648e+03 1.074039828526371961e-16
6.765382044792175293e+03 1.137492059221926663e-16
6.768897933959960938e+03 1.195092152519791205e-16
6.772413823127746582e+03 1.205518598704899609e-16
6.775929712295532227e+03 1.155192533190479379e-16
6.779445601463317871e+03 1.101903572896343209e-16
6.782961490631103516e+03 9.897176986272063627e-17
6.786477379798889160e+03 8.369406158622143548e-17
6.789993268966674805e+03 9.633303062145197587e-17
6.793509158134460449e+03 1.106223639450687154e-16
6.797025047302246094e+03 1.054034366150103481e-16
6.800540936470031738e+03 1.003811532776129869e-16
6.804056825637817383e+03 1.074735321985406547e-16
6.807572714805603027e+03 1.115958761167048239e-16
6.811088603973388672e+03 9.326381997196581944e-17
6.814604493141174316e+03 7.588569497940256823e-17
6.818120382308959961e+03 7.674968182049175542e-17
6.821636271476745605e+03 7.220248470483055041e-17
6.825152160644531250e+03 6.998565389807823709e-17
6.828668049812316895e+03 8.019607359441229162e-17
6.832183938980102539e+03 7.921784318456218067e-17
6.835699828147888184e+03 7.357731182245288580e-17
6.839215717315673828e+03 7.974029707689557337e-17
6.842731606483459473e+03 8.178171265422744143e-17
6.846247495651245117e+03 7.944922876295041399e-17
6.849763384819030762e+03 7.026951581452683449e-17
6.853279273986816406e+03 5.933899238157351662e-17
6.856795163154602051e+03 6.177327242775376985e-17
6.860311052322387695e+03 5.897391456386201275e-17
6.863826941490173340e+03 5.465925777072416509e-17
6.867342830657958984e+03 7.590264225579255466e-17
6.870858719825744629e+03 9.904250373126127077e-17
6.874374608993530273e+03 7.732732520329468613e-17
6.877890498161315918e+03 5.955302040198793721e-17
6.881406387329101562e+03 5.694798380759713737e-17
6.884922276496887207e+03 4.991286232867039017e-17
6.888438165664672852e+03 6.005226691505554217e-17
6.891954054832458496e+03 6.792165298130122117e-17
6.895469944000244141e+03 7.343728007091500885e-17
6.898985833168029785e+03 7.027527299159020357e-17
6.902501722335815430e+03 6.220328061482823618e-17
6.906017611503601074e+03 5.203299572181525456e-17
6.909533500671386719e+03 3.448243335003674899e-17
6.913049389839172363e+03 4.206465539482851890e-17
6.916565279006958008e+03 5.747886170728877010e-17
6.920081168174743652e+03 5.112045007004675443e-17
6.923597057342529297e+03 4.957929347485225623e-17
6.927112946510314941e+03 6.154522204159535033e-17
6.930628835678100586e+03 6.190799698848150658e-17
6.934144724845886230e+03 4.202100011082042031e-17
6.937660614013671875e+03 3.146658246750516327e-17
6.941176503181457520e+03 4.019848961079458549e-17
6.944692392349243164e+03 5.112164451885128100e-17
6.948208281517028809e+03 5.059562713243900985e-17
6.951724170684814453e+03 5.175953312002767382e-17
6.955240059852600098e+03 5.485454518718058429e-17
6.958755949020385742e+03 5.144863563243839326e-17
6.962271838188171387e+03 5.320128576665044957e-17
6.965787727355957031e+03 4.640820064367916849e-17
6.969303616523742676e+03 3.874980519063861537e-17
6.972819505691528320e+03 4.561659541491082143e-17
6.976335394859313965e+03 4.320749143785423214e-17
6.979851284027099609e+03 3.430167453385921117e-17
6.983367173194885254e+03 3.056101822010661069e-17
6.986883062362670898e+03 2.887855270650845367e-17
6.990398951530456543e+03 3.024416834082939854e-17
6.993914840698242188e+03 3.308382313544228895e-17
6.997430729866027832e+03 3.958570097812550174e-17
7.000946619033813477e+03 3.903737287623145033e-17
7.004462508201599121e+03 4.344264565111325706e-17
7.007978397369384766e+03 5.219956673612628285e-17
7.011494286537170410e+03 5.349177505416682183e-17
7.015010175704956055e+03 3.668260804797469454e-17
7.018526064872741699e+03 2.965386909465440651e-17
7.022041954040527344e+03 3.660135244204238553e-17
7.025557843208312988e+03 3.368975278647208299e-17
7.029073732376098633e+03 3.791425020156410084e-17
7.032589621543884277e+03 3.934096801337311276e-17
7.036105510711669922e+03 3.614115878005463411e-17
7.039621399879455566e+03 4.776751316173245929e-17
7.043137289047241211e+03 5.290788811210034087e-17
7.046653178215026855e+03 4.077214267432256040e-17
7.050169067382813409e+03 4.014672464806101702e-17
7.053684956550599054e+03 3.919478534680029150e-17
7.057200845718384699e+03 2.841305847115546245e-17
7.060716734886170343e+03 2.350417166957177078e-17
7.064232624053955988e+03 3.467121581815605117e-17
7.067748513221741632e+03 4.932925001056727681e-17
7.071264402389527277e+03 4.664986973144266105e-17
7.074780291557312921e+03 4.234459647517361495e-17
7.078296180725098566e+03 3.708463767801016726e-17
7.081812069892884210e+03 2.428862178604153415e-17
7.085327959060669855e+03 2.187018224859167139e-17
7.088843848228455499e+03 3.410351514631600786e-17
7.092359737396241144e+03 3.382511262191026044e-17
7.095875626564026788e+03 3.663825131480715099e-17
7.099391515731812433e+03 3.887423631582374221e-17
7.102907404899598077e+03 3.197535148378447868e-17
7.106423294067383722e+03 3.850673982200113329e-17
7.109939183235169367e+03 4.192105684048931329e-17
7.113455072402955011e+03 3.645177502623564664e-17
7.116970961570740656e+03 4.223403220577732705e-17
7.120486850738526300e+03 3.521472311144014354e-17
7.124002739906311945e+03 2.845717035886169031e-17
7.127518629074097589e+03 2.720847670412511590e-17
7.131034518241883234e+03 2.038058712970005362e-17
7.134550407409668878e+03 3.114636430877363519e-17
7.138066296577454523e+03 3.544723034673899877e-17
7.141582185745240167e+03 3.548690192891704198e-17
7.145098074913025812e+03 3.696228773924622383e-17
7.148613964080811456e+03 3.811001407405335058e-17
7.152129853248597101e+03 4.383007388897594374e-17
7.155645742416382745e+03 4.864616426072098656e-17
7.159161631584168390e+03 4.222029439016404637e-17
7.162677520751954034e+03 3.631574352014007613e-17
7.166193409919739679e+03 3.163887095421015808e-17
7.169709299087525324e+03 1.866784680568245579e-17
7.173225188255310968e+03 1.934133064297823050e-17
7.176741077423096613e+03 3.087655453657108862e-17
7.180256966590882257e+03 3.714799309548682876e-17
7.183772855758667902e+03 4.231096662018965905e-17
7.187288744926453546e+03 4.555254847444206560e-17
7.190804634094239191e+03 4.524298109327777031e-17
7.194320523262024835e+03 3.351382470507185485e-17
7.197836412429810480e+03 1.683074483965118557e-17
7.201352301597596124e+03 1.866729424903327037e-17
7.204868190765381769e+03 3.254897146008795146e-17
7.208384079933167413e+03 3.541074506428050982e-17
7.211899969100953058e+03 3.017921481040928460e-17
7.215415858268738702e+03 4.137661648747426111e-17
7.218931747436524347e+03 4.511272992530272036e-17
7.222447636604309992e+03 4.551412097190530215e-17
7.225963525772095636e+03 5.095526210171991480e-17
7.229479414939881281e+03 4.413545904496317092e-17
7.232995304107666925e+03 3.784707982710234478e-17
7.236511193275452570e+03 2.793190736116806753e-17
7.240027082443238214e+03 2.810077793758199323e-17
7.243542971611023859e+03 4.613821550918676068e-17
7.247058860778809503e+03 4.936873961301055836e-17
7.250574749946595148e+03 5.019035495440232926e-17
7.254090639114380792e+03 5.080720008079537306e-17
7.257606528282166437e+03 3.766948745830965995e-17
7.261122417449952081e+03 2.570329088504809867e-17
7.264638306617737726e+03 3.214290849738567018e-17
7.268154195785523370e+03 3.888210776653279683e-17
7.271670084953309015e+03 4.412260796696654708e-17
7.275185974121094659e+03 4.712142885504689107e-17
7.278701863288880304e+03 4.373420034725859762e-17
7.282217752456665949e+03 3.826081571716666795e-17
7.285733641624451593e+03 3.175704859396438404e-17
7.289249530792237238e+03 3.957920926467818558e-17
7.292765419960022882e+03 3.511616950453812561e-17
7.296281309127808527e+03 1.663677594909117590e-17
7.299797198295594171e+03 2.748370947242356012e-17
7.303313087463379816e+03 3.535114835550728929e-17
7.306828976631165460e+03 2.662317032012749394e-17
7.310344865798951105e+03 2.300169915211520901e-17
7.313860754966736749e+03 2.341597105521646654e-17
7.317376644134522394e+03 3.218827439090052843e-17
7.320892533302308038e+03 4.286442655060398945e-17
7.324408422470093683e+03 4.916561383306958667e-17
7.327924311637879327e+03 4.077567308117693672e-17
7.331440200805664972e+03 2.503670904278346642e-17
7.334956089973450617e+03 2.661475293021415433e-17
7.338471979141236261e+03 3.747723083161763505e-17
7.341987868309021906e+03 5.669330482315941078e-17
7.345503757476807550e+03 4.655323187483931594e-17
7.349019646644594104e+03 3.066495180971267351e-17
7.352535535812379749e+03 5.157346380431754556e-17
7.356051424980165393e+03 5.398364642489290400e-17
7.359567314147951038e+03 3.803265945188984165e-17
7.363083203315736682e+03 3.402063826638309491e-17
7.366599092483522327e+03 4.576289719549185033e-17
7.370114981651307971e+03 5.133223146791748100e-17
7.373630870819093616e+03 5.458698865496663217e-17
7.377146759986879260e+03 5.800538532823592370e-17
7.380662649154664905e+03 5.552785366218649776e-17
7.384178538322450549e+03 3.722488118778485779e-17
7.387694427490236194e+03 3.746673556400556223e-17
7.391210316658021839e+03 5.269443911811470739e-17
7.394726205825807483e+03 3.395997945770335628e-17
7.398242094993593128e+03 3.232627458685397514e-17
7.401757984161378772e+03 5.674245258643486147e-17
7.405273873329164417e+03 5.412358222347972479e-17
7.408789762496950061e+03 4.812570221930262155e-17
7.412305651664735706e+03 5.192117744661033628e-17
7.415821540832521350e+03 5.672568398105718650e-17
7.419337430000306995e+03 6.285799076094150738e-17
7.422853319168092639e+03 6.135996005416307383e-17
7.426369208335878284e+03 4.836028402357775977e-17
7.429885097503663928e+03 5.270009041605966968e-17
7.433400986671449573e+03 6.173735955427916760e-17
7.436916875839235217e+03 5.531308117922077944e-17
7.440432765007020862e+03 3.753106043716013588e-17
7.443948654174806506e+03 4.106820054172263964e-17
7.447464543342592151e+03 4.527905940287488317e-17
7.450980432510377796e+03 3.794455809920804377e-17
7.454496321678163440e+03 4.495587332010551483e-17
7.458012210845949085e+03 4.353430388042903295e-17
7.461528100013734729e+03 5.420834507520925865e-17
7.465043989181520374e+03 6.866372663498989293e-17
7.468559878349306018e+03 5.615751677935166327e-17
7.472075767517091663e+03 4.095347389948398491e-17
7.475591656684877307e+03 3.181196015174810423e-17
7.479107545852662952e+03 4.277613660074252948e-17
7.482623435020448596e+03 5.808861293274855913e-17
7.486139324188234241e+03 5.833383558842357951e-17
7.489655213356019885e+03 4.668457492122293588e-17
7.493171102523805530e+03 4.411943159341434346e-17
7.496686991691591174e+03 5.626966261807915255e-17
7.500202880859376819e+03 4.767748613258463797e-17
7.503718770027162464e+03 3.507750377398494688e-17
7.507234659194948108e+03 4.701197300767142424e-17
7.510750548362733753e+03 4.620164040983487663e-17
7.514266437530519397e+03 4.231102617719376287e-17
7.517782326698305042e+03 5.445887823041686946e-17
7.521298215866090686e+03 5.696014005387921666e-17
7.524814105033876331e+03 5.355846897259574735e-17
7.528329994201661975e+03 5.797849864960550009e-17
7.531845883369447620e+03 6.749990336546248426e-17
7.535361772537233264e+03 6.312440909263258653e-17
7.538877661705018909e+03 4.738320174041787242e-17
7.542393550872804553e+03 3.694990980855998033e-17
7.545909440040590198e+03 4.305570048672830135e-17
7.549425329208375842e+03 4.603482455006253264e-17
7.552941218376161487e+03 4.087696300154528006e-17
7.556457107543947131e+03 3.442070251528314164e-17
7.559972996711732776e+03 4.401087571854533432e-17
7.563488885879518421e+03 5.012006114594757297e-17
7.567004775047304065e+03 4.372176947701315072e-17
7.570520664215089710e+03 5.161277473574851565e-17
7.574036553382875354e+03 5.457609303193808369e-17
7.577552442550660999e+03 4.579330104608684941e-17
7.581068331718446643e+03 4.620123012825105033e-17
7.584584220886232288e+03 4.890006900410536351e-17
7.588100110054017932e+03 5.628891938273938703e-17
7.591615999221803577e+03 5.905376065403053140e-17
7.595131888389589221e+03 7.116524653880335668e-17
7.598647777557374866e+03 1.008833842583306832e-16
7.602163666725160510e+03 9.900101235173561090e-17
7.605679555892946155e+03 7.482708908379190468e-17
7.609195445060731799e+03 5.809757295314373353e-17
7.612711334228517444e+03 5.777714965362029231e-17
7.616227223396303089e+03 5.491126661614457050e-17
7.619743112564088733e+03 5.484801046034141537e-17
7.623259001731874378e+03 5.864950756250851614e-17
7.626774890899660022e+03 4.318786409627957390e-17
7.630290780067445667e+03 4.618937497571194034e-17
7.633806669235231311e+03 4.192568243447470982e-17
7.637322558403016956e+03 3.433674037438655912e-17
7.640838447570802600e+03 4.620321205299872738e-17
7.644354336738588245e+03 4.318773174738156542e-17
7.647870225906373889e+03 4.227236044664058414e-17
7.651386115074159534e+03 3.269229869918623967e-17
7.654902004241945178e+03 3.150855692050855410e-17
7.658417893409730823e+03 2.512353653732193263e-17
7.661933782577516467e+03 2.993445206715484371e-17
7.665449671745302112e+03 5.391691611051702615e-17
7.668965560913087756e+03 5.170588218549748444e-17
7.672481450080873401e+03 3.269371483239493046e-17
7.675997339248659046e+03 3.785826992642896214e-17
7.679513228416444690e+03 4.299839672261307781e-17
7.683029117584230335e+03 3.808414317321514209e-17
7.686545006752015979e+03 4.487903485864423898e-17
7.690060895919801624e+03 4.094804428594318684e-17
7.693576785087587268e+03 3.997335420911480284e-17
7.697092674255372913e+03 5.701236492903336462e-17
7.700608563423158557e+03 4.683306707606600520e-17
7.704124452590944202e+03 4.056600595695189569e-17
7.707640341758729846e+03 4.612427917022646727e-17
7.711156230926515491e+03 3.549782733044764237e-17
7.714672120094301135e+03 2.322255637566686740e-17
7.718188009262086780e+03 2.355154926633635799e-17
7.721703898429872424e+03 3.527906783692941846e-17
7.725219787597658069e+03 3.942189274706040057e-17
7.728735676765443714e+03 4.649543180235656058e-17
7.732251565933229358e+03 5.664959659959210880e-17
7.735767455101015003e+03 4.176458735581878258e-17
7.739283344268800647e+03 2.319742828301873152e-17
7.742799233436586292e+03 1.116970849733731370e-17
7.746315122604371936e+03 2.888973949711262082e-17
7.749831011772157581e+03 4.290984869240050130e-17
7.753346900939943225e+03 2.731224154888621790e-17
7.756862790107728870e+03 2.583769449969816482e-17
7.760378679275514514e+03 4.184361950026454905e-17
7.763894568443300159e+03 4.456838883396117455e-17
7.767410457611085803e+03 2.301809056313355981e-17
7.770926346778871448e+03 1.214751621789441006e-17
7.774442235946657092e+03 2.276914559470205081e-17
7.777958125114442737e+03 3.621044342816207571e-17
7.781474014282228381e+03 3.126302655364566400e-17
7.784989903450014026e+03 2.856940222437288511e-17
7.788505792617799671e+03 4.097806763345641153e-17
7.792021681785585315e+03 4.099810525661489607e-17
7.795537570953370960e+03 4.032192811924464871e-17
7.799053460121156604e+03 4.356461508679542610e-17
7.802569349288942249e+03 2.930587421095334777e-17
7.806085238456727893e+03 2.448815925648525080e-17
7.809601127624513538e+03 3.801266153340075965e-17
7.813117016792299182e+03 3.179969140890271772e-17
7.816632905960084827e+03 1.308841596670000287e-17
7.820148795127870471e+03 1.910675214742554249e-17
7.823664684295656116e+03 3.456526059913290875e-17
7.827180573463441760e+03 5.381221820602496433e-17
7.830696462631227405e+03 4.678644717674251656e-17
7.834212351799013049e+03 3.486551723532230716e-17
7.837728240966798694e+03 2.725651273665729532e-17
7.841244130134584339e+03 1.862602786263422493e-17
7.844760019302369983e+03 3.520108455750036922e-17
7.848275908470155628e+03 3.443327235187149745e-17
7.851791797637941272e+03 1.808337752846473750e-17
7.855307686805726917e+03 4.006714325568851533e-17
7.858823575973512561e+03 4.736126821929541634e-17
7.862339465141298206e+03 2.702001518208348429e-17
7.865855354309083850e+03 1.699665410947217144e-17
7.869371243476869495e+03 3.063925957988677647e-17
7.872887132644655139e+03 4.124584254135207765e-17
7.876403021812440784e+03 2.976386095506680771e-17
7.879918910980226428e+03 3.540384968669426779e-17
7.883434800148012073e+03 4.189466647022642150e-17
7.886950689315797717e+03 2.489312868641773698e-17
7.890466578483583362e+03 2.290109910037773489e-17
7.893982467651369006e+03 4.412461636149382584e-17
7.897498356819154651e+03 5.455808696436402938e-17
7.901014245986940296e+03 5.940840937857896670e-17
7.904530135154725940e+03 4.573637116760849984e-17
7.908046024322511585e+03 5.417756733897738559e-17
7.911561913490297229e+03 6.091716696354098791e-17
7.915077802658082874e+03 2.541963907247508974e-17
7.918593691825868518e+03 1.121595451102392837e-17
7.922109580993654163e+03 3.443214407751597512e-17
7.925625470161439807e+03 3.213388230254149154e-17
7.929141359329225452e+03 2.792768874004404708e-17
7.932657248497011096e+03 4.405960989151450850e-17
7.936173137664796741e+03 3.773833204633122334e-17
7.939689026832582385e+03 2.643277319545248824e-17
7.943204916000368030e+03 2.650643859208401068e-17
7.946720805168153674e+03 2.595979793863956744e-17
7.950236694335939319e+03 3.595424904884215198e-17
7.953752583503724964e+03 3.273674145913748874e-17
7.957268472671510608e+03 2.747817232540313015e-17
7.960784361839296253e+03 3.971363934910785343e-17
7.964300251007081897e+03 4.104935405864623145e-17
7.967816140174867542e+03 1.403547324798544042e-17
7.971332029342653186e+03 -3.026135219087457514e-18
7.974847918510438831e+03 6.394170241532376786e-18
7.978363807678224475e+03 1.653747953399908535e-17
7.981879696846010120e+03 2.384315690204090194e-17
7.985395586013795764e+03 2.443010937545750442e-17
7.988911475181581409e+03 2.097552355038901793e-17
7.992427364349367053e+03 3.251606952404304223e-17
7.995943253517152698e+03 2.165860102842918265e-17
7.999459142684938342e+03 2.690095742215750191e-17
8.002975031852723987e+03 1.633698253404480718e-17
8.006490921020509631e+03 2.502924249698425652e-18
8.010006810188295276e+03 2.588578843487322295e-17
8.013522699356080921e+03 3.668290914171766384e-17
8.017038588523866565e+03 3.082551749277656682e-17
8.020554477691652210e+03 4.298585666452677391e-17
8.024070366859437854e+03 3.288628578771972551e-17
8.027586256027223499e+03 2.297353365225777842e-17
8.031102145195009143e+03 1.555267303827917783e-17
8.034618034362794788e+03 8.918000447237314521e-18
8.038133923530580432e+03 2.184601368545409703e-17
8.041649812698366077e+03 3.458736948254522608e-17
8.045165701866151721e+03 4.442540239327525818e-17
8.048681591033937366e+03 4.535186122294690024e-17
8.052197480201723010e+03 3.198870548759353476e-17
8.055713369369508655e+03 8.350409790418740757e-18
8.059229258537294299e+03 1.254817934555794518e-17
8.062745147705079944e+03 2.407799844102838182e-17
8.066261036872865589e+03 3.171021031895918140e-17
8.069776926040651233e+03 4.258786698460301017e-17
8.073292815208436878e+03 3.396571678243202408e-17
8.076808704376222522e+03 2.981300540961980819e-17
8.080324593544008167e+03 3.704600172595904045e-17
8.083840482711793811e+03 3.041436571494585931e-17
8.087356371879579456e+03 3.128532403423764342e-17
8.090872261047365100e+03 4.367926893714017616e-17
8.094388150215150745e+03 4.734842706746614314e-17
8.097904039382936389e+03 4.947700432030394883e-17
8.101419928550722034e+03 3.895417505022086681e-17
8.104935817718507678e+03 2.947659767193939225e-17
8.108451706886293323e+03 3.993104226642149037e-17
8.111967596054078967e+03 5.874651268730383480e-17
8.115483485221864612e+03 5.377732772778747762e-17
8.118999374389650256e+03 2.928163781900554406e-17
8.122515263557435901e+03 1.481866108684044787e-17
8.126031152725221546e+03 2.309073025580551648e-17
8.129547041893007190e+03 3.396540245379925393e-17
8.133062931060792835e+03 3.247058782524242656e-17
8.136578820228578479e+03 2.930188058295594175e-17
8.140094709396364124e+03 1.964260967440474445e-17
8.143610598564149768e+03 1.076313433701647464e-17
8.147126487731935413e+03 1.461166741035517823e-17
8.150642376899721057e+03 2.832982094047547638e-17
8.154158266067506702e+03 3.147856996894228174e-17
8.157674155235292346e+03 2.118445944695256209e-17
8.161190044403077991e+03 2.430236952782216547e-17
8.164705933570863635e+03 3.052759019719211773e-17
8.168221822738649280e+03 2.130967473935838920e-17
8.171737711906434924e+03 1.362610983463907255e-17
8.175253601074220569e+03 6.659313474309205448e-18
8.178769490242006214e+03 9.868815610045580478e-18
8.182285379409791858e+03 1.465059618434314882e-17
8.185801268577577503e+03 2.509636034547711546e-17
8.189317157745363147e+03 3.191473237977414260e-17
8.192833046913148792e+03 1.642095956419241566e-17
8.196348936080934436e+03 1.154706415688094216e-17
8.199864825248720081e+03 1.572553227960683423e-17
8.203380714416505725e+03 9.490629874757255054e-19
8.206896603584291370e+03 8.493399539827107333e-18
8.210412492752077014e+03 2.221660383476765428e-17
8.213928381919862659e+03 2.838214838602558091e-17
8.217444271087648303e+03 3.487089390930390184e-17
8.220960160255433948e+03 4.329817359404719546e-17
8.224476049423219592e+03 3.305999040763341111e-17
8.227991938591005237e+03 2.185017109521278855e-17
8.231507827758790881e+03 3.183200439235148920e-17
8.235023716926576526e+03 3.067439821230802909e-17
8.238539606094362171e+03 2.919869807334607708e-17
8.242055495262147815e+03 3.140704862445849676e-17
8.245571384429933460e+03 2.174875544339133714e-17
8.249087273597720923e+03 1.763725255433528798e-17
8.252603162765506568e+03 2.679550182022434152e-17
8.256119051933292212e+03 2.939537846195403557e-17
8.259634941101077857e+03 2.704054911360950065e-17
8.263150830268863501e+03 2.638305633191560107e-17
8.266666719436649146e+03 3.494693827737712678e-17
8.270182608604434790e+03 3.014494637199243777e-17
8.273698497772220435e+03 2.357460775309188619e-17
8.277214386940006079e+03 2.966508235503817535e-17
8.280730276107791724e+03 3.882394373458051813e-17
8.284246165275577368e+03 5.517038921483293195e-17
8.287762054443363013e+03 4.571320349301211464e-17
8.291277943611148658e+03 2.188091408985893437e-17
8.294793832778934302e+03 1.370750275255306537e-17
8.298309721946719947e+03 1.334425465835652880e-17
8.301825611114505591e+03 2.527580559884191907e-17
8.305341500282291236e+03 4.680337790952025193e-17
8.308857389450076880e+03 4.344350261022786200e-17
8.312373278617862525e+03 1.927398325186538810e-17
8.315889167785648169e+03 1.601352182731207124e-17
8.319405056953433814e+03 2.790915989432285927e-17
8.322920946121219458e+03 1.913652403203255106e-17
8.326436835289005103e+03 2.324674644550036814e-17
8.329952724456790747e+03 2.995727894333885706e-17
8.333468613624576392e+03 2.799215919698643006e-17
8.336984502792362036e+03 2.612087647368324363e-17
8.340500391960147681e+03 -8.011463952426282429e-19
8.344016281127933325e+03 1.399503879848747018e-18
8.347532170295718970e+03 5.149328022445910527e-17
8.351048059463504615e+03 4.706805916192496973e-17
8.354563948631290259e+03 5.998512797345706312e-18
8.358079837799075904e+03 4.873839159029819893e-18
8.361595726966861548e+03 2.820881765174876928e-17
8.365111616134647193e+03 4.456934505474928585e-17
8.368627505302432837e+03 4.809012683551794093e-17
8.372143394470218482e+03 5.714870414631680485e-17
8.375659283638004126e+03 3.838791036392421555e-17
8.379175172805789771e+03 1.644482041614212030e-17
8.382691061973575415e+03 7.770997895466171673e-18
8.386206951141361060e+03 1.220157660682781318e-17
8.389722840309146704e+03 3.421143905519702648e-17
8.393238729476932349e+03 3.089479221471665778e-17
8.396754618644717993e+03 9.904160210439358797e-18
8.400270507812503638e+03 2.139865786657316860e-17
8.403786396980289283e+03 3.652155598271062005e-17
8.407302286148074927e+03 1.733843852113418205e-17
8.410818175315860572e+03 1.704416074641231692e-17
8.414334064483646216e+03 2.489668556305171500e-17
8.417849953651431861e+03 1.166971932529091766e-17
8.421365842819217505e+03 1.084100181115976646e-17
8.424881731987003150e+03 3.357297473631429675e-17
8.428397621154788794e+03 4.164941072732689900e-17
8.431913510322574439e+03 1.300627114160919935e-17
8.435429399490360083e+03 -7.562959489867247554e-18
8.438945288658145728e+03 8.095745695232040126e-18
8.442461177825931372e+03 3.035870307716594097e-17
8.445977066993717017e+03 1.594995465159859617e-17
8.449492956161502661e+03 5.770794110612920559e-18
8.453008845329288306e+03 2.268947155810094318e-17
8.456524734497073950e+03 1.763493810298136461e-17
8.460040623664859595e+03 1.015174115804076785e-17
8.463556512832645240e+03 2.042334905864659494e-17
8.467072402000430884e+03 1.568477874518757167e-17
8.470588291168216529e+03 2.155573450181331324e-17
8.474104180336002173e+03 3.967893085060512838e-17
8.477620069503787818e+03 3.793905238505089082e-17
8.481135958671573462e+03 3.978712276600461419e-17
8.484651847839359107e+03 3.056358248000552507e-17
8.488167737007144751e+03 2.134470749266123503e-17
8.491683626174930396e+03 2.995632272255074576e-17
8.495199515342716040e+03 2.250889803038061724e-17
8.498715404510501685e+03 9.599666755152463780e-18
8.502231293678287329e+03 2.809390241233045247e-17
8.505747182846072974e+03 4.001250301314571254e-17
8.509263072013858618e+03 1.538959272615312332e-17
8.512778961181644263e+03 1.779195352685618032e-17
8.516294850349429908e+03 1.973230914002999478e-17
8.519810739517215552e+03 1.993975445712971837e-17
8.523326628685001197e+03 2.261495912852216645e-17
8.526842517852786841e+03 1.819378959662831563e-17
8.530358407020572486e+03 1.405091340129935524e-17
8.533874296188358130e+03 1.478273497847604477e-17
8.537390185356143775e+03 1.895366417709912855e-17
8.540906074523929419e+03 1.744429778720626832e-17
8.544421963691715064e+03 1.550084190109660511e-17
8.547937852859500708e+03 1.480002139891717795e-17
8.551453742027286353e+03 1.316867316563296038e-17
8.554969631195071997e+03 3.398337212542635591e-17
8.558485520362857642e+03 2.948901199857258809e-17
8.562001409530643286e+03 9.572717210795486138e-18
8.565517298698428931e+03 2.530164010373317523e-17
8.569033187866214575e+03 3.622192800378676194e-17
8.572549077034000220e+03 3.106611455446619066e-17
8.576064966201785865e+03 5.286415755465649995e-18
8.579580855369571509e+03 -3.806720913171495651e-17
8.583096744537357154e+03 -1.781330471282739907e-17
8.586612633705142798e+03 2.238615269928387346e-17
8.590128522872928443e+03 2.962125294951113435e-18
8.593644412040714087e+03 2.128244726231559374e-17
8.597160301208499732e+03 5.019382249553015155e-17
8.600676190376285376e+03 3.236106249469550527e-17
8.604192079544071021e+03 1.813429545825105167e-17
8.607707968711856665e+03 3.120184827554124208e-17
8.611223857879642310e+03 2.946569543146594335e-17
8.614739747047427954e+03 2.228990692629087848e-17
8.618255636215213599e+03 3.583569752345105205e-17
8.621771525382999243e+03 4.595197413990922139e-17
8.625287414550784888e+03 1.201464206019695446e-17
8.628803303718570533e+03 4.893890430668411561e-18
8.632319192886356177e+03 3.524921985170605500e-17
8.635835082054141822e+03 2.630991702215366236e-17
8.639350971221927466e+03 2.058114864974211093e-17
8.642866860389713111e+03 4.659580851532864538e-17
8.646382749557498755e+03 1.714041148248898722e-17
8.649898638725284400e+03 2.963024233481805438e-18
8.653414527893070044e+03 5.473904761261103014e-17
8.656930417060855689e+03 8.655811820890464020e-17
8.660446306228641333e+03 5.383919752888399388e-17
8.663962195396426978e+03 2.164895113940313903e-17
8.667478084564212622e+03 4.038462840967616820e-17
8.670993973731998267e+03 4.110436818682590822e-17
8.674509862899783911e+03 3.439360076969345424e-17
8.678025752067569556e+03 4.539457682977913859e-17
8.681541641235355200e+03 4.227656914159725395e-17
8.685057530403140845e+03 3.264396488163354116e-17
8.688573419570926490e+03 2.787177463935791263e-17
8.692089308738712134e+03 3.000114267686131901e-17
8.695605197906497779e+03 5.137647239579926713e-17
8.699121087074283423e+03 5.632408448494024135e-17
8.702636976242069068e+03 3.718937859589408184e-17
8.706152865409854712e+03 3.377983275517910770e-17
8.709668754577640357e+03 3.053673219732205380e-17
8.713184643745426001e+03 2.956172117441599923e-17
8.716700532913211646e+03 3.073705548934769583e-17
8.720216422080997290e+03 2.116880091795693327e-17
8.723732311248782935e+03 1.884755675684327637e-17
8.727248200416568579e+03 3.493699887513668960e-17
8.730764089584354224e+03 4.714329620172034291e-17
8.734279978752139868e+03 3.751701491035898547e-17
8.737795867919925513e+03 1.770903694225386482e-17
8.741311757087711158e+03 2.819305820671840900e-17
8.744827646255496802e+03 5.146582444556724518e-17
8.748343535423282447e+03 5.665207814142976788e-17
8.751859424591068091e+03 3.333863777750047423e-17
8.755375313758853736e+03 1.215434955693471062e-17
8.758891202926639380e+03 3.781128275891349996e-17
8.762407092094425025e+03 2.304289605534280000e-17
8.765922981262210669e+03 -1.373536219558385134e-17
8.769438870429996314e+03 2.321664203428711325e-17
8.772954759597781958e+03 5.456770542052679599e-17
8.776470648765567603e+03 4.268310194288746535e-17
8.779986537933353247e+03 4.539308790467654314e-17
8.783502427101138892e+03 3.636821324075553978e-17
8.787018316268924536e+03 2.362699475564609454e-17
8.790534205436710181e+03 3.949552836518987109e-17
8.794050094604495825e+03 4.750964787757517844e-17
8.797565983772281470e+03 3.983248865951947244e-17
8.801081872940067115e+03 2.777853814943338556e-17
8.804597762107852759e+03 3.252179030515945897e-17
8.808113651275638404e+03 4.477229216367794608e-17
8.811629540443424048e+03 3.887597670383255378e-17
8.815145429611209693e+03 2.997873931715093281e-17
8.818661318778995337e+03 4.211625492143957676e-17
8.822177207946780982e+03 4.595074329515774249e-17
8.825693097114566626e+03 1.945706975428665013e-17
8.829208986282352271e+03 2.052051631084197400e-17
8.832724875450137915e+03 4.453930185490135988e-17
8.836240764617923560e+03 5.012249636567092908e-17
8.839756653785709204e+03 4.294164882386948990e-17
8.843272542953494849e+03 3.063346600687645506e-17
8.846788432121280493e+03 3.992578139772565312e-17
8.850304321289066138e+03 6.002097301812143603e-17
8.853820210456851783e+03 6.241295435649817764e-17
8.857336099624637427e+03 4.833759942245910554e-17
8.860851988792423072e+03 4.571573135696407669e-17
8.864367877960208716e+03 4.215604230890337739e-17
8.867883767127994361e+03 4.471871732976411158e-17
8.871399656295780005e+03 5.119864179899016703e-17
8.874915545463565650e+03 3.139611329676054573e-17
8.878431434631351294e+03 2.072748020882519173e-17
8.881947323799136939e+03 2.114000345211151217e-17
8.885463212966922583e+03 3.107074014845158719e-17
8.888979102134708228e+03 4.490762222061407162e-17
8.892494991302493872e+03 5.217895008653901118e-17
8.896010880470279517e+03 4.881034306870051149e-17
8.899526769638065161e+03 5.434667614340772657e-17
8.903042658805850806e+03 4.789900179190388857e-17
8.906558547973636450e+03 4.951699353983721240e-17
8.910074437141422095e+03 4.020933229426393058e-17
8.913590326309207740e+03 5.211243483912239712e-17
8.917106215476993384e+03 6.723056012312541760e-17
8.920622104644779029e+03 3.769631127121352953e-17
8.924137993812564673e+03 4.634834585455483141e-17
8.927653882980350318e+03 5.435763463216282908e-17
8.931169772148135962e+03 4.777069615272956334e-17
8.934685661315921607e+03 3.565853859729934501e-17
8.938201550483707251e+03 3.172174783414307103e-17
8.941717439651492896e+03 6.743654133054092234e-17
8.945233328819278540e+03 8.227750486105702495e-17
8.948749217987064185e+03 5.653009216213534778e-17
8.952265107154849829e+03 4.612626109497414432e-17
8.955780996322635474e+03 4.826317963710893475e-17
8.959296885490421118e+03 5.469862825915923900e-17
8.962812774658206763e+03 3.400083225379612521e-17
8.966328663825992408e+03 -3.100144205865919160e-19
8.969844552993778052e+03 4.824278219038398964e-18
8.973360442161563697e+03 1.636210897233171795e-17
8.976876331329349341e+03 1.878258171972723605e-17
8.980392220497134986e+03 4.076111801111845364e-17
8.983908109664920630e+03 5.029377238330615899e-17
8.987423998832706275e+03 4.073019138237632104e-17
8.990939888000491919e+03 4.165626640024373850e-17
8.994455777168277564e+03 3.746278825812245918e-17
8.997971666336063208e+03 4.592989834372140619e-17
9.001487555503848853e+03 3.609139228568099375e-17
9.005003444671634497e+03 2.614507977840654522e-17
9.008519333839420142e+03 5.349894836443888169e-17
9.012035223007205786e+03 3.940150109059974333e-17
9.015551112174991431e+03 3.175735299642980355e-17
9.019067001342777075e+03 2.965909356740329143e-17
9.022582890510562720e+03 3.122883421584517205e-17
9.026098779678348365e+03 4.560239106943206084e-17
9.029614668846134009e+03 2.796167262833017567e-17
9.033130558013919654e+03 2.133247680012402596e-17
9.036646447181705298e+03 2.723851494088936655e-17
9.040162336349490943e+03 3.243520103863740804e-17
9.043678225517276587e+03 4.197088289186705747e-17
9.047194114685062232e+03 2.157065518570254475e-17
9.050710003852847876e+03 3.423383254043885033e-20
9.054225893020633521e+03 1.693984996244692992e-17
9.057741782188419165e+03 2.526433260374580858e-17
9.061257671356204810e+03 2.839688543581882565e-17
9.064773560523990454e+03 4.482296193928049434e-17
9.068289449691776099e+03 4.744847290819320673e-17
9.071805338859561743e+03 5.009643686765305850e-17
9.075321228027347388e+03 2.818078946387302249e-17
9.078837117195133033e+03 -9.224384010223893207e-18
9.082353006362918677e+03 1.214603577139309327e-18
9.085868895530704322e+03 3.418943935962556616e-17
9.089384784698489966e+03 3.221808928889938976e-17
9.092900673866275611e+03 3.520062795380223995e-17
9.096416563034061255e+03 4.092257043179900380e-17
9.099932452201846900e+03 3.055147586456019896e-17
9.103448341369632544e+03 2.963910888380401028e-17
9.106964230537418189e+03 3.138390411091926304e-17
9.110480119705203833e+03 3.742429127241424128e-17
9.113996008872989478e+03 3.171888909794608777e-17
9.117511898040775122e+03 2.992858239352816742e-17
9.121027787208560767e+03 3.004535713496350345e-17
9.124543676376346411e+03 1.951336766677700920e-17
9.128059565544132056e+03 1.595096381194591087e-17
9.131575454711917700e+03 1.526773744139548660e-17
9.135091343879703345e+03 1.329109506911019592e-17
9.138607233047488990e+03 9.394021383065655570e-18
9.142123122215274634e+03 1.089180972592461108e-17
9.145639011383060279e+03 2.894642453012965470e-17
9.149154900550845923e+03 2.238033761957762568e-17
9.152670789718631568e+03 1.362168772708436407e-17
9.156186678886417212e+03 1.380488755324954587e-17
9.159702568054202857e+03 3.124705162806573366e-18
9.163218457221988501e+03 -4.382430595856461148e-18
9.166734346389774146e+03 -9.134573082011101365e-19
9.170250235557559790e+03 5.867884848601638459e-18
9.173766124725345435e+03 -4.311612768483652513e-18
9.177282013893131079e+03 -5.846321077212993580e-18
9.180797903060916724e+03 3.433501652998999861e-17
9.184313792228702368e+03 4.424540458326126915e-17
9.187829681396488013e+03 4.896125389965468586e-17
9.191345570564273658e+03 4.745246653619061275e-17
9.194861459732059302e+03 3.314000524264689058e-17
9.198377348899844947e+03 3.428836685216445806e-17
9.201893238067630591e+03 3.576754776714403321e-17
9.205409127235416236e+03 5.267100674572230523e-17
9.208925016403201880e+03 4.043717092218553652e-17
9.212440905570987525e+03 2.494532047434738282e-17
9.215956794738773169e+03 2.403498008609194906e-17
9.219472683906558814e+03 2.483873990678115031e-17
9.222988573074344458e+03 2.706814055012181944e-17
9.226504462242130103e+03 2.863109666317954012e-17
9.230020351409915747e+03 3.498687786607363717e-17
9.233536240577701392e+03 3.122792431717136372e-17
9.237052129745487036e+03 1.789026559701933276e-17
9.240568018913272681e+03 1.276365162332188336e-17
9.244083908081058325e+03 1.452891129879169802e-17
9.247599797248843970e+03 5.859048078117734464e-18
9.251115686416629615e+03 1.963367116070549644e-17
9.254631575584415259e+03 4.708550936412738840e-17
9.258147464752200904e+03 2.490334767570521709e-17
9.261663353919986548e+03 9.233711298811041147e-18
9.265179243087772193e+03 2.169947863994032818e-17
9.268695132255557837e+03 2.950293179392063044e-17
9.272211021423343482e+03 4.374683635829595767e-17
9.275726910591129126e+03 4.713239726996934422e-17
9.279242799758914771e+03 4.308839728198129743e-17
9.282758688926700415e+03 4.071161621454083026e-17
9.286274578094486060e+03 3.300507554112724071e-17
9.289790467262271704e+03 2.802840294270605352e-17
9.293306356430057349e+03 2.656328906122355516e-17
9.296822245597842993e+03 5.844889310290725544e-17
9.300338134765628638e+03 8.909079966075420160e-17
9.303854023933414283e+03 8.514569076935809438e-17
9.307369913101199927e+03 6.910593739046074152e-17
9.310885802268985572e+03 7.401446685001981029e-17
9.314401691436771216e+03 6.439696359931886558e-17
9.317917580604556861e+03 2.317186013028471744e-17
9.321433469772342505e+03 -4.615808107877783419e-17
9.324949358940128150e+03 -1.343307813971308546e-17
9.328465248107913794e+03 4.914018299231725638e-17
9.331981137275699439e+03 -1.030885667076970248e-17
9.335497026443485083e+03 -2.752829285307894320e-17
9.339012915611270728e+03 -2.433013467226312039e-17
9.342528804779056372e+03 -4.733810385342148135e-17
9.346044693946842017e+03 -1.411783562157734539e-17
9.349560583114627661e+03 -1.518942328972141615e-17
9.353076472282413306e+03 6.739031765073084660e-18
9.356592361450198950e+03 1.260251187691287825e-17
9.360108250617984595e+03 9.940302212943638235e-18
9.363624139785770240e+03 3.821457962964740392e-17
9.367140028953555884e+03 4.859320484918289152e-17
9.370655918121341529e+03 1.080477212751055640e-16
9.374171807289127173e+03 8.390747418426011662e-17
9.377687696456912818e+03 -3.922098711988352120e-17
9.381203585624698462e+03 -2.842983700270048807e-17
9.384719474792484107e+03 2.492399244943331555e-17
9.388235363960269751e+03 3.651777080422757740e-17
9.391751253128055396e+03 2.253804622080576083e-17
9.395267142295841040e+03 1.047669492577916201e-17
9.398783031463626685e+03 1.439697599108949011e-17
9.402298920631412329e+03 1.330959000042626907e-17
9.405814809799197974e+03 -2.418150437825775472e-18
9.409330698966983618e+03 -8.708792408252240421e-18
9.412846588134769263e+03 -1.919389686572892279e-18
9.416362477302554908e+03 -1.512492801736065658e-17
9.419878366470340552e+03 -1.173946471299955129e-17
9.423394255638126197e+03 -5.206463372588418276e-18
9.426910144805911841e+03 1.151219187661693162e-17
9.430426033973697486e+03 -1.980453813752781888e-18
9.433941923141483130e+03 7.325908551463638542e-19
9.437457812309268775e+03 3.737213257170909756e-17
9.440973701477054419e+03 2.234308305914946242e-17
9.444489590644840064e+03 4.157564606902187021e-17
9.448005479812625708e+03 7.584294628534582776e-17
9.451521368980411353e+03 8.656171148148557055e-17
9.455037258148196997e+03 7.605195166508082636e-17
9.458553147315982642e+03 7.352807141494882917e-17
9.462069036483768286e+03 6.219264638087325446e-17
9.465584925651553931e+03 5.431976630372015147e-17
9.469100814819339575e+03 4.295527414291946337e-17
9.472616703987125220e+03 3.455677041732566448e-17
9.476132593154910865e+03 2.770256161017038997e-17
9.479648482322696509e+03 1.033006723603678722e-17
9.483164371490482154e+03 2.572692674387118888e-17
9.486680260658267798e+03 -8.888496569148773130e-18
9.490196149826053443e+03 -6.546254014595151349e-18
9.493712038993839087e+03 3.933718283489007011e-17
9.497227928161624732e+03 5.617740220127743806e-17
9.500743817329410376e+03 5.644030005228149152e-17
9.504259706497196021e+03 4.592072325636696801e-17
9.507775595664981665e+03 1.863384637378407614e-17
9.511291484832767310e+03 1.259050369596044594e-17
9.514807374000552954e+03 -9.440345978910462778e-18
9.518323263168338599e+03 -1.226712818883080296e-17
9.521839152336124243e+03 -3.914150829790697609e-18
9.525355041503909888e+03 -3.815046320600719363e-17
9.528870930671695533e+03 -3.409644440643990458e-17
9.532386819839481177e+03 4.539298533428058656e-17
9.535902709007266822e+03 7.116452523730921044e-17
9.539418598175052466e+03 5.778626849269307688e-17
9.542934487342838111e+03 8.538153319688676342e-18
9.546450376510623755e+03 -3.138332839321292614e-17
9.549966265678409400e+03 4.010558730183752985e-17
9.553482154846195044e+03 1.906811950409686589e-17
9.556998044013980689e+03 -1.143642461404891194e-17
9.560513933181766333e+03 -5.809087196300144145e-18
9.564029822349551978e+03 -9.795045161476263811e-18
9.567545711517337622e+03 -1.017283757238332027e-17
9.571061600685123267e+03 2.823908584472330967e-17
9.574577489852908911e+03 5.777442988376621795e-17
9.578093379020694556e+03 -1.208108968559849231e-18
9.581609268188480200e+03 -9.210906756503566727e-18
9.585125157356265845e+03 -8.621417630340993815e-19
9.588641046524051490e+03 -8.148410630472066292e-18
9.592156935691837134e+03 8.884026485118536569e-18
9.595672824859622779e+03 5.038409637029388685e-18
9.599188714027408423e+03 -1.183941873667862150e-17
9.602704603195194068e+03 -8.859651954008436502e-18
9.606220492362979712e+03 2.483676790820082389e-18
9.609736381530765357e+03 2.403888106986074914e-17
9.613252270698551001e+03 -3.775982302582596355e-18
9.616768159866336646e+03 -2.246149727255887854e-17
9.620284049034122290e+03 -2.111682295621563240e-18
9.623799938201907935e+03 1.814365417970147663e-17
9.627315827369693579e+03 6.813648005818736798e-18
9.630831716537479224e+03 2.808371154718379916e-17
9.634347605705264868e+03 6.378635210602202140e-17
9.637863494873052332e+03 6.032927977603220050e-17
9.641379384040837976e+03 1.042914213216083606e-16
9.644895273208623621e+03 5.487575409808644392e-17
9.648411162376409266e+03 2.044231961881488608e-17
9.651927051544194910e+03 3.333321478140457658e-17
9.655442940711980555e+03 1.326496856946270854e-17
9.658958829879766199e+03 -3.943089846918441852e-19
9.662474719047551844e+03 2.616385016086659852e-17
9.665990608215337488e+03 1.805130608175483151e-17
9.669506497383123133e+03 -1.101082778118119091e-17
9.673022386550908777e+03 -2.928231569351753126e-18
9.676538275718694422e+03 1.091842219418197336e-18
9.680054164886480066e+03 -1.523560478332025168e-17
9.683570054054265711e+03 -1.739043013135559005e-18
9.687085943222051355e+03 -1.151380157008895981e-17
9.690601832389837000e+03 2.041541101989822981e-18
9.694117721557622644e+03 -1.340437662681872051e-17
9.697633610725408289e+03 2.547023274746128312e-17
9.701149499893193934e+03 3.118807075525855885e-17
9.704665389060979578e+03 2.855150369027846269e-18
9.708181278228765223e+03 3.405155827768032708e-17
9.711697167396550867e+03 1.430894577594037179e-17
9.715213056564336512e+03 -2.558399324274447591e-17
9.718728945732122156e+03 -7.098563750367726757e-18
9.722244834899907801e+03 2.921902024663527986e-17
9.725760724067693445e+03 7.975783330588169756e-17
9.729276613235479090e+03 4.370141090777699560e-17
9.732792502403264734e+03 3.582420633038146539e-17
9.736308391571050379e+03 6.038029365876957082e-17
9.739824280738836023e+03 2.768601468919687920e-17
9.743340169906621668e+03 2.487081466221350651e-17
9.746856059074407312e+03 5.245612507491572991e-17
9.750371948242192957e+03 5.115067194090699185e-17
9.753887837409978601e+03 3.708060765406580891e-17
9.757403726577764246e+03 2.907531250445521726e-17
9.760919615745549891e+03 5.593485961078708949e-17
9.764435504913335535e+03 5.125810946758782929e-17
9.767951394081121180e+03 2.939273148399386588e-17
9.771467283248906824e+03 3.059653456387507033e-19
9.774983172416692469e+03 1.258162473926530174e-17
9.778499061584478113e+03 3.429048774325504402e-17
9.782014950752263758e+03 3.738254181253746486e-17
9.785530839920049402e+03 1.562431845985484577e-17
9.789046729087835047e+03 5.884543852548150159e-18
9.792562618255620691e+03 1.158823293596770635e-17
9.796078507423406336e+03 1.136488093568858803e-17
9.799594396591191980e+03 4.895176779238992774e-17
9.803110285758977625e+03 8.565168045877923162e-17
9.806626174926763269e+03 5.569634704424109928e-17
9.810142064094548914e+03 3.777734850146412455e-17
9.813657953262334559e+03 5.266203018171487977e-17
9.817173842430120203e+03 1.181768125736134048e-17
9.820689731597905848e+03 7.376258208169128783e-18
9.824205620765691492e+03 4.693756976593350450e-17
9.827721509933477137e+03 5.010649869262415353e-17
9.831237399101262781e+03 1.925113321462422326e-17
9.834753288269048426e+03 4.095131661244644661e-17
9.838269177436834070e+03 4.946529806027509838e-17
9.841785066604619715e+03 4.182724463285844932e-17
9.845300955772405359e+03 6.133158445043005477e-17
9.848816844940191004e+03 5.561507820341898942e-17
9.852332734107976648e+03 5.396573300154745563e-17
9.855848623275762293e+03 2.883703816592564232e-17
9.859364512443547937e+03 3.313496274963276733e-17
9.862880401611333582e+03 4.696263002977141103e-17
9.866396290779119226e+03 4.150895215059294469e-17
9.869912179946904871e+03 6.083682456500493743e-17
9.873428069114690516e+03 7.829861391344425207e-17
9.876943958282476160e+03 1.582476252024992054e-17
9.880459847450261805e+03 -1.654240456736622608e-17
9.883975736618047449e+03 8.770730038158986027e-18
9.887491625785833094e+03 3.895061817358688879e-17
9.891007514953618738e+03 3.603899204823698456e-17
9.894523404121404383e+03 5.391296549591147289e-17
9.898039293289190027e+03 4.306444213144176175e-17
9.901555182456975672e+03 2.866604338969868044e-18
9.905071071624761316e+03 -3.541427547113488615e-17
9.908586960792546961e+03 -2.332349215933546148e-19
9.912102849960332605e+03 5.555604397746230494e-17
9.915618739128118250e+03 5.171346246863092039e-17
9.919134628295903894e+03 3.106526090407403593e-17
9.922650517463689539e+03 6.872125539223173090e-18
9.926166406631475184e+03 4.061092434575536275e-18
9.929682295799260828e+03 -3.098945807273967648e-17
9.933198184967046473e+03 -3.693424631648067620e-17
9.936714074134832117e+03 -2.657870770784154360e-17
9.940229963302617762e+03 5.449844393347650588e-17
9.943745852470403406e+03 1.249063900778753147e-16
9.947261741638189051e+03 8.592975872838485825e-17
9.950777630805974695e+03 7.795056278146153973e-17
9.954293519973760340e+03 1.218237327803514962e-16
9.957809409141545984e+03 2.811607416146932382e-17
9.961325298309331629e+03 4.615379132012113419e-18
9.964841187477117273e+03 4.907606987739949632e-17
9.968357076644902918e+03 6.780106990032569100e-17
9.971872965812688562e+03 8.417786298289145030e-17
9.975388854980474207e+03 5.789396079100258066e-17
9.978904744148259851e+03 5.422850925700146380e-18
9.982420633316045496e+03 1.353158211577835021e-17
9.985936522483831141e+03 7.987279155869186713e-17
9.989452411651616785e+03 6.254972370770014545e-17
9.992968300819402430e+03 6.092743062058154587e-17
9.996484189987188074e+03 7.083315006647556713e-17
1.000000007915497372e+04 2.420304995167292343e-17
