|                MJD |                dMJD0 |                dMJD1 |               temp |             radius |               dtemp |            dradius |                    lum |                   dlum |                  L_opt |          temp_mcmc |        radius_mcmc |               dtemp0 |               dtemp1 |           dradius0 |           dradius1 |                 L_mcmc |               dL_mcmc0 |               dL_mcmc1 |                  L_int | npoints |  filts |      source |
|  58424.46365000001 | 0.016450000010081567 | 0.013049999986833427 |  57.44998657821876 |  4.401341221378061 |   70.29194243669056 |  3.595559009854897 |  7.277711641982711e+37 | 2.3745648146711567e+38 |     1.051324226613e+36 | 14.095373459424605 |  14.10317694055318 |   1.2707628169776566 |    3.177829920249339 |  2.963070307346209 |  1.768333069176542 |  9.123532642978845e+35 |  9.740897575499075e+33 |  1.597845366226312e+34 | 1.0711169380671865e+36 |       6 | UBgVri | Las Cumbres |
| 58442.319874999994 | 0.016474999996717088 | 0.013025000007473864 |  7.176739417847206 |  35.14733646087618 | 0.27506410149066396 |  2.635388195255355 | 1.1302085470333007e+36 |  3.513139806799663e+34 | 6.6396843458154214e+35 |  6.757438714065765 | 39.039107291515066 |  0.05209045326895012 |  0.03787739127266132 | 0.4793305225028064 | 0.6448044347886466 |  6.400615355423829e+35 | 4.1487561834353533e+33 | 3.4172274343906045e+33 |   6.40973569826395e+35 |       6 | UBgVri | Las Cumbres |
| 58443.412000000004 | 0.016500000005180482 |  0.01299999999901047 |  6.608109519750432 |  41.80470320901228 |  0.1267183167597378 |  1.644215620564872 | 1.1492757864530025e+36 | 1.8375845022189737e+34 |  6.689578492557119e+35 |  6.559821106164733 | 42.458398027112544 |   0.0426611356349742 |  0.04139689031342453 | 0.5823476674942469 |  0.587610857082197 |  6.680072826873382e+35 | 3.0105117830663626e+33 | 3.5604373955443726e+33 |  6.360406803849469e+35 |       6 | UBgVri | Las Cumbres |
|  58445.36405555555 | 0.014255555543059018 | 0.015344444451329764 |  6.515893377127112 |  41.25328595623285 |  0.2678718597135669 | 3.5492738249394153 | 1.0579813450019992e+36 |  4.213863460521743e+34 | 6.1365383154845045e+35 |  5.965883737726295 | 48.818533510458735 |  0.12495016754767452 |  0.13372950059847089 | 2.2644830874545647 |  2.526320224484067 | 5.8688472477880605e+35 | 1.2800313717080094e+34 | 1.1332066401714303e+34 |  5.887011030662461e+35 |       5 |  UBgVi | Las Cumbres |
|        58449.30125 |  0.01644999999552965 | 0.012950000003911555 | 5.9859858800851695 |  48.99746924819308 | 0.18071557977138156 |  3.208076266083808 | 1.0630534211408376e+36 | 2.9021426576304284e+34 |  5.961897317959681e+35 |  5.797932579083075 |  52.31249358516439 |  0.03164029798470391 | 0.037773711666845955 | 0.7866709930150293 | 0.7007246557988722 |  5.871177683214852e+35 |  2.876968466232974e+33 | 3.6707130322472113e+33 |  5.583214517234725e+35 |       6 | UBgVri | Las Cumbres |
|  58453.27874545455 | 0.013945454549684655 | 0.010954545454296749 |  6.257697142698435 | 43.073151385546424 |  0.4288943907815311 |  6.180340426095185 |  9.811524579154088e+35 |  5.500741392350426e+34 |  5.615368413683743e+35 |  5.629116483145555 | 52.807475749592996 |  0.03527672684642891 |   0.0410890164512594 | 0.9157080161231903 | 0.8588441564455991 |  5.225090441634822e+35 |  3.261200956456037e+33 | 2.6862352992048985e+33 |  5.193989656195572e+35 |       6 | UBgVri | Las Cumbres |
|  58455.27275454545 | 0.013354545444599353 | 0.010545454555540346 |  6.261707358504931 |  42.11487189729832 |  0.9737003667384527 | 13.704762346885968 |  9.403879922586105e+35 | 1.1954663098572787e+35 |  5.383406701688461e+35 |  5.449867281235367 |  56.63581023376052 |  0.04290736466506395 |  0.03686799606979729 | 0.7541677590510361 | 1.0929924833430533 |  5.142108590183079e+35 | 2.9420578527338514e+33 |  4.033284054383745e+33 |  5.054183294669037e+35 |       6 | UBgVri | Las Cumbres |
|        58457.31171 | 0.010610000004817266 | 0.009189999997033738 | 5.6986176392530465 |  50.18749786721851 | 0.30580922594130866 |  5.917720756500014 |  9.160816832813072e+35 |  4.252005902279858e+34 |  4.988231058628901e+35 |  5.237566363359303 |  59.26877729150142 | 0.025032695320614806 |  0.02077720070330713 | 0.6332907822962355 | 0.7268037318439013 |  4.633844897571523e+35 | 1.9952184061237913e+33 | 2.4194166903034783e+33 | 4.4023036322888035e+35 |       5 |  BgVri | Las Cumbres |
| 58465.311311111116 | 0.012911111116409302 | 0.011088888881204184 |  5.213579739937437 | 59.053668971350476 | 0.19984144928256758 |  5.501211291904126 |   8.88593006566376e+35 |  3.907045580795797e+34 |  4.499322551183019e+35 |  4.900458284892654 |  68.26704558722511 | 0.019508000588947638 | 0.026125362149784337 |  1.014607192659767 | 0.7780326351625746 |  4.392335817015528e+35 | 2.0536038519629955e+33 |  2.098567606043512e+33 | 3.9397295103327934e+35 |       5 |  BgVri | Las Cumbres |
|  58472.33958000001 | 0.014080000008107163 | 0.011619999990216456 |  5.196396861525883 | 55.347895336609916 |  0.2131630855279685 |  5.287366776641738 |  7.703294622923298e+35 | 3.2097008371799674e+34 |   3.88808913338138e+35 |  4.889153252551939 |  63.04705538575701 |  0.04349162493352576 |  0.04450802420862132 | 1.4160515220452723 | 1.5537760193688896 |  3.706440431058863e+35 | 2.1914342787968967e+33 | 2.2951445539600498e+33 |  3.439844408380469e+35 |       5 |  BgVri | Las Cumbres |
|  58476.26528823529 |  0.03678823529480724 |  0.03031176470540231 |  5.024002412157942 | 59.193368017382745 | 0.20111317860099742 |   5.92055720836585 |  7.698577727740779e+35 |  3.938062910735051e+34 | 3.7534162389063546e+35 |  4.611803489366519 |  71.98112108817625 |  0.03367028107747405 |  0.03663980759098884 | 1.5284213860255136 |  1.671012244278515 |  3.553094179359406e+35 |  3.235143607646087e+33 |  3.707289370372018e+33 |  3.277659373782974e+35 |       5 |  BgVri | Las Cumbres |
| 58480.370460000006 | 0.014060000008612406 | 0.011539999992237426 |  4.995106293247122 |  56.19167545649148 | 0.39551491579239634 | 10.624328179692128 |  6.779348176373447e+35 |  5.872723177582633e+34 |  3.284490372208992e+35 |  4.662555666071112 |  68.05418829577103 | 0.028815117610228924 | 0.023592597660210046 | 1.0286733946115447 |  1.049871188854837 |  3.353349997442137e+35 |  1.962959719654956e+33 | 2.3184939381252973e+33 | 2.9382168210984594e+35 |       5 |  BgVri | Las Cumbres |
|        58487.30366 | 0.014060000001336448 | 0.011539999999513384 |  4.883865278145331 |  59.09402681845318 | 0.19564144251300558 |  5.734506269209376 |  6.851835227607722e+35 |  3.135171196684647e+34 |  3.235483838753793e+35 |  4.407412823577735 |  76.88638561590817 | 0.025020260109831938 |  0.02464378820858837 | 1.3501186890391494 | 1.3381286892835362 |  3.159253691688173e+35 | 2.0945444731012487e+33 |  1.911303244150717e+33 |   2.85086349043648e+35 |       5 |  BgVri | Las Cumbres |
| 58498.158160000006 | 0.018860000003769528 | 0.016039999994973186 |  4.881892980562378 |     53.13617550663 | 0.29665185237620134 |  7.823780926526843 |  5.530936130461031e+35 | 3.8419538884848317e+34 | 2.6105033132904975e+35 |  4.655431539434342 |  59.04162056071881 | 0.029953773927380745 |  0.03961710938260854 | 1.3346773337460291 | 0.8739982018167609 | 2.5039703194930103e+35 | 1.7552439724465533e+33 | 1.5702831330098281e+33 |  2.282906266375519e+35 |       5 |  BgVri | Las Cumbres |
|        58504.23343 | 0.018830000000889413 |   0.0160699999978533 |  4.642096742600995 |  58.50095920604806 | 0.22147666236192087 | 6.9864532028150546 | 5.4808480419090044e+35 | 3.2960107561348177e+34 |  2.427141868481737e+35 |   4.23603269611571 |    74.634403106176 | 0.018461526161180686 |  0.02278990616554122 | 1.2546454133101008 | 1.1629536772533697 |  2.383757809805611e+35 | 1.6589103332753623e+33 |   1.96831304295791e+33 | 2.1319294970425054e+35 |       5 |  BgVri | Las Cumbres |
|        58521.38338 |   0.0181799999991199 | 0.015420000003359746 |  4.600603056943639 |  52.10606838580506 | 0.24601312241951637 |  7.015414354350575 |  4.194698049054219e+35 |  2.877340364173602e+34 | 1.8349024768051827e+35 |  4.103306451710793 |  70.48387005556305 |  0.02242833322603488 | 0.016673727901604707 |  1.024593867099611 |  1.121900676593441 |  1.767708577598333e+35 |   9.58458586131355e+32 | 1.2009527410969733e+33 | 1.6024416896554349e+35 |       5 |  BgVri | Las Cumbres |
|        58526.39698 | 0.018079999994370155 | 0.015320000005885959 |  4.745803629208277 |  45.48300271474941 | 0.39062572457856476 |   9.23764306885631 |  3.619114741819478e+35 | 3.5965987108427734e+34 | 1.6499036518093864e+35 | 3.9486144117347672 |  76.67409488751879 | 0.024641653895579818 | 0.021353158027419106 | 1.3337321670925064 | 1.6267813819054737 | 1.6724964440854302e+35 | 1.1260974148638532e+33 | 1.0021741077772717e+33 | 1.4337460619040373e+35 |       5 |  BgVri | Las Cumbres |
| 58536.341616666665 |  0.07391666666808305 | 0.028983333337237127 |  4.314287976338846 |  51.88573903202414 | 0.22207063283321724 |  6.852383240508204 | 3.2166038370624155e+35 | 2.2194037519856197e+34 | 1.2778928224376213e+35 |  4.126256289947266 |  57.80153622465917 |  0.04247767530981861 |  0.04786017702766543 |   1.74206172610441 | 1.6590101648584579 |  1.227957869484852e+35 |   1.36075604714124e+33 |  1.577430075095506e+33 | 1.1287185202212797e+35 |       5 |  BgVri | Las Cumbres |
| 58540.373366666674 | 0.019566666676837485 | 0.013933333328168374 |  4.567697568809104 |  40.05398608341947 |  0.3905853579350268 |  8.609228654860921 | 2.4084957762315383e+35 | 2.5859076107210145e+34 | 1.0430484560490469e+35 | 3.9689327351393864 |   59.7832563234828 | 0.044296777877197435 |  0.05475063585910256 | 2.3840447363137685 | 1.9955756325580651 | 1.0464329678502793e+35 | 1.4915468630635868e+33 | 1.3543666915675474e+33 |  8.932378835203173e+34 |       5 |  BgVri | Las Cumbres |
|  58544.30384499999 |  0.08474499998555984 |  0.08205500001349719 |  4.602214886365637 |  34.17411681294932 | 0.25938989489774533 |  4.848480494781028 | 1.8068712586746886e+35 | 1.3054579204721217e+34 |  7.907695457222482e+34 |  3.981182878634745 | 49.758318012699505 | 0.017349216281005386 | 0.019096668423017604 | 0.7052663702600981 | 0.6907023205235845 |  7.399876455800346e+34 |  4.561922800452171e+32 |  5.530604362116946e+32 |  6.866639331557895e+34 |       5 |  BgVri | Las Cumbres |
|      58555.3411875 |  0.01478750000387663 | 0.014512499998090789 |  4.565711599588039 | 31.765572062297203 |  0.5595426734541271 |  9.724494074834645 | 1.5122106816512718e+35 | 2.2404427815832688e+34 |   6.54492385110356e+34 |    4.1189904924478 | 41.987298872692634 |  0.09033387868918652 |  0.08752393160586802 | 2.2786742111203964 |  3.054271575804819 |   6.45998264990998e+34 | 1.1569189111765963e+33 | 1.1006259718564013e+33 |  5.755366884710344e+34 |       4 |   gVri | Las Cumbres |
|  58568.09529999999 | 0.009599999990314245 |  0.00960000000486616 |  5.795274743071191 | 15.885772770288545 |   2.145291969144897 | 11.895873575504838 |  9.816978748929479e+34 |  1.896718831354634e+34 |  5.404274274242031e+34 |  5.785318948645566 | 16.541747416601666 |  0.24986540212661712 |  0.18760428347570013 | 1.0727343429458855 | 1.5951877611785399 |  5.813768038282738e+34 |  1.620735536385234e+33 | 1.1629957395732006e+33 | 3.5055302779230413e+34 |       3 |    Vri | Las Cumbres |
| 58571.294200000004 |  0.00960000000486616 | 0.009599999997590203 |  5.116731870765877 |  21.16678915159894 |  1.0625881842919243 |  9.807902962626741 | 1.0591211590658106e+35 | 1.5854188455095614e+34 |  5.264042353765114e+34 |  4.600959887883063 | 27.547757582454338 |  0.09201485936966591 |  0.09969848210248866 | 1.4778846516232313 |  1.544733775945133 |  5.141501018664839e+34 |  8.613712602840648e+32 |  7.820665565733281e+32 | 3.6440254835767397e+34 |       3 |    Vri | Las Cumbres |
|  58574.26995000001 | 0.009650000007241033 | 0.009649999992689118 |  5.203933886557652 |  19.70140050615487 |  1.5216575346583978 | 12.683802072766497 |  9.817170200182973e+34 | 1.9558993163923658e+34 |  4.961989035190322e+34 |  4.372857634136512 | 30.388337340498317 |  0.15556041065402937 |   0.1210566003525182 | 2.3039546286771078 |  2.892599133311613 | 4.7014851843247775e+34 | 1.5772509750210938e+33 |  1.389475011352259e+33 |  3.393119905770481e+34 |       3 |    Vri | Las Cumbres |
| 58577.122688888885 | 0.015488888886466157 |  0.01541111111146165 |  5.783805144264376 | 15.624695400856943 |  0.9837375213829108 | 5.3299772770281075 |  9.421992869669542e+34 |  7.538758207038859e+33 |  5.180396264757451e+34 |  5.529142823859303 | 17.289339316212097 |  0.09614951516057602 |  0.12050408125009948 | 0.7922681219868828 | 0.7128952757235929 |  5.146235645295248e+34 |  7.222139633606747e+32 |  6.418035836531985e+32 |  3.196058179856956e+34 |       3 |    Vri | Las Cumbres |
|        58578.12647 | 0.021070000002509914 |  0.01982999999745516 | 5.7185969895953095 | 16.308432279557202 |   0.977868392544588 |  5.557823702008412 |  9.809512693403431e+34 |   7.94474018112856e+33 |  5.354009428371559e+34 |   5.33009936129481 | 19.049040465479408 |  0.09166104118617735 |   0.0988550099967096 | 0.7114927917688085 |  0.740214184828961 |  5.221259318252079e+34 |  7.288354452916344e+32 |  7.454313574918108e+32 |  3.316491336283367e+34 |       3 |    Vri | Las Cumbres |
|  58593.16935000001 |  0.00965000001451699 |  0.00964999998541316 |  5.288275898604051 |  16.42237085416941 |  1.3996290008960137 |  9.449360244625122 |  7.274332857443057e+34 | 1.2453172233967185e+34 | 3.7327330789213168e+34 | 5.3644328652473865 |  16.36282759974747 |   0.2789016667422981 |  0.46500637278625145 | 2.4461507624714987 | 2.1595386659806373 | 4.0414526204342255e+34 | 1.9572898893520268e+33 |  2.483781848142445e+33 |  2.539290249943192e+34 |       3 |    Vri | Las Cumbres |
|  58601.11233333333 | 0.009633333327656146 | 0.009666666672274005 |  4.889683658921942 |  21.11466219439079 |  0.9318468098867989 |    9.3053433179748 |  8.789342067820937e+34 | 1.4078849734287275e+34 |   4.15620192926425e+34 |  5.062172810829368 | 19.833113735015136 |   0.2778087141440917 |  0.24858445648066585 |   1.91304069963968 | 2.8074064816483855 |  4.389666761120876e+34 | 1.2208278393266239e+33 |   1.65697492726448e+33 |  2.942464772153215e+34 |       3 |    Vri | Las Cumbres |
