|                MJD |                  dMJD0 |                  dMJD1 |               temp |               radius |               dtemp |              dradius |                    lum |                   dlum |                  L_opt |          temp_mcmc |         radius_mcmc |               dtemp0 |               dtemp1 |             dradius0 |             dradius1 |                 L_mcmc |               dL_mcmc0 |               dL_mcmc1 |                  L_int | npoints |  filts |      source |
| 57470.355724999994 |   0.018524999992223457 |   0.013375000009546056 | 15.611603748989834 |    1.886106281603468 |  0.8749433887227156 |  0.12412091173937687 | 7.2876488839848885e+34 |  6.951313806066409e+33 | 2.0458046831754691e+34 |  16.56232247690305 |    1.77120800123829 |   0.5192313677754932 |   0.5153611724427911 |  0.06746748986984774 |  0.07383711787544045 | 2.0633663246666066e+34 |  1.967818962607202e+32 | 2.2496884756077267e+32 | 2.0111885180826266e+34 |       6 | UBgVri | Las Cumbres |
|       57470.633579 |                    0.0 |                    0.0 | 13.963987497063561 |   2.3724821870622868 |  0.8609206791472288 |  0.16973152987632698 |  7.380890545403599e+34 |  7.888720499672769e+33 | 2.4854038943300705e+34 | 14.644143227231012 |  2.2718678091444175 |   0.4460061495443206 |  0.46727436403114986 |  0.07379639737926258 |   0.0710683306502875 | 2.5577742475220616e+34 |  3.421309344340106e+32 | 2.6640958758191084e+32 | 2.0409657348316835e+34 |       4 |   BVRI |         TNT |
|        57471.60544 |                    0.0 |                    0.0 | 18.645106186679048 |   2.1533867281293375 | 0.21001513913002637 | 0.023847313761640683 | 1.9327182499717213e+35 |  4.481220578850006e+33 |  3.917757340599348e+34 | 18.705412681438503 |    2.15684018826718 |   0.6331886681258787 |   0.7020580710674729 |  0.07000207573014317 |  0.07004795496286009 | 3.9584972490849327e+34 | 4.6889323357972876e+32 | 3.1782787107157092e+32 | 3.1090834760685115e+34 |       4 |   BVRI |         TNT |
|  57472.15933777777 |    0.06393777776975185 |   0.059162222234590445 | 20.255485870927533 |   2.0952095933285886 |  0.7492034609806246 |  0.08000215281137849 | 2.5485352651158663e+35 |  1.847244266087249e+34 |  4.379745692433955e+34 | 22.184119419440556 |  1.9003790452325142 |  0.34822069349088736 |   0.3734734755319984 | 0.029259369272244706 | 0.030981285556797467 | 4.2924927270643595e+34 | 1.1350161380279403e+32 | 1.4853570091645717e+32 |  4.322876066900857e+34 |       6 | UBgVri | Las Cumbres |
|  57473.26968095238 |    0.05938095237797825 |    0.05231904762331396 | 21.695531968183566 |   2.1484407098937695 |  1.0430533056335147 |  0.10025633982672015 |  3.526898803317548e+35 |   3.52259084992652e+34 |  5.255938132470613e+34 | 23.797420280857477 |  1.9478962950337648 |   0.2903772720572917 |   0.2914984993793581 | 0.022140752253777096 |  0.02310502000749426 |  5.125880027021114e+34 | 1.4333739755417042e+32 |  9.506289376641882e+31 |  5.166274489400823e+34 |       6 | UBgVri | Las Cumbres |
|       57476.575918 |                    0.0 |                    0.0 | 13.367195737780396 |    3.830278837695113 |  0.7342978140989828 |  0.25072238038527106 | 1.6154259360325345e+35 | 1.4892641690742288e+34 |  5.810396894776744e+34 | 13.663195088393444 |    3.73821759771554 |   0.3231951171033831 |    0.283472017569256 |  0.08503548152903928 |  0.10674427159955835 |  5.855411541592869e+34 |  4.834402055811945e+32 |  4.319394326125566e+32 |  4.799513199440742e+34 |       4 |   BVRI |         TNT |
|       57477.593588 |                    0.0 |                    0.0 |    45.249146089342 |   1.3044735159581926 |  60.192608252502865 |    1.238462160050133 | 2.4602380065512208e+36 |    8.4319599487272e+36 |  6.316813893735066e+34 | 13.212722189360617 |  3.7055315365305748 |   0.2459365473924109 |   0.4412604599089516 |   0.1441738643880135 |   0.0859382914099922 |   5.28477792628602e+34 |  4.579159226615069e+32 |  4.968697901987947e+32 | 6.2580600553428665e+34 |       5 |  UBVRI |         TNT |
|  57481.64374800001 |  7.275957614183426e-12 | -7.275957614183426e-12 | 30.039110634619274 |   1.4952703023817713 |  27.788402950585727 |   1.1542840347707095 |  6.278454286098374e+35 | 1.3599826869034578e+36 |  4.493086503057277e+34 | 10.960352949530305 |  3.9803686643612433 |  0.28830184287610905 |   1.1664190740457503 |   0.5214798958862059 |  0.15674430545907603 | 3.6717270942525457e+34 | 3.7736678188086286e+32 | 5.9773634891461124e+32 |  4.434729019135775e+34 |       5 |  UBVRI |         TNT |
|  57482.10558000001 |   0.004980000012437813 |   0.004019999993033707 | 12.561489364583688 |    3.198631027501269 |  0.7069137193484373 |  0.26870166388959577 |  8.785325773515307e+34 |  5.306701024921023e+33 |  3.451559180526459e+34 | 12.446733390220375 |   3.268749770471985 |  0.23802264248441318 |  0.30571659293057074 |  0.11926156500887464 |  0.09915699254739518 |  3.518940760531716e+34 |  4.264375002207685e+32 | 3.1588087750257563e+32 |  2.539881482420068e+34 |       3 |    UBV | Las Cumbres |
|  57482.64529500001 |  7.275957614183426e-12 | -7.275957614183426e-12 | 14.278607749026097 |    2.852657394324538 |   2.801915778474168 |   0.6979892924924492 | 1.1665617256827395e+35 | 3.6436493394284656e+34 | 3.7938037055062877e+34 | 10.371762658772933 |    4.16254898102504 |  0.13421235734249137 |  0.14602878665147578 |  0.07531403507643653 |  0.08962412239934636 |  3.417155564458895e+34 | 2.3059589570345804e+32 |  3.141737748126668e+32 | 3.7492451674804576e+34 |       5 |  UBVRI |         TNT |
|  57483.36018333333 |   0.010483333331649192 |   0.008016666666662786 |  10.97233089113599 |   3.9110752582251402 | 0.44213529623554587 |    0.231996469708505 |  7.646328801007719e+34 | 3.7189560862555966e+33 | 3.5526365010350622e+34 | 10.385692107813066 |   4.181006088053576 |   0.1031031226735184 |  0.10322358898404005 |  0.07650035319316029 |  0.07008757411318722 | 3.4509896660906774e+34 | 2.4991242123928932e+32 | 2.2484380981945435e+32 | 3.4452908429372705e+34 |       6 | UBgVri | Las Cumbres |
|  57489.25711666667 |   0.010516666668991093 |   0.007983333329320885 |  9.235068827889311 |    4.288826583889944 | 0.15110716706088023 |  0.11540367985004069 |  4.614265264579124e+34 |  7.417300397381615e+32 | 2.5152026327359017e+34 |  9.213663610949968 |   4.285656064140447 |  0.06897946973715285 |  0.07139978831142813 |  0.06108846146292013 | 0.059942526591910905 |  2.491983780679919e+34 | 1.9047808193854277e+32 | 1.3711460060276494e+32 | 2.4413658809766367e+34 |       6 | UBgVri | Las Cumbres |
|  57490.16309166667 |   0.010391666670329869 |   0.007808333328284789 |  8.949573858237738 |    4.370354711568472 | 0.15261748805717557 |  0.12501091919972238 |  4.225789301937611e+34 |  6.831528446684716e+32 |  2.354576306373247e+34 |  8.988957902771308 |   4.323234509095425 |    0.068508862605281 |  0.08103027526596307 |  0.07746230168550827 |  0.06076746642494779 |  2.337190402068828e+34 | 1.6060839419947123e+32 | 1.4769212161060845e+32 |  2.284673282791665e+34 |       6 | UBgVri | Las Cumbres |
|  57491.28906363636 |   0.010863636358408257 |   0.007436363637680188 |  8.595688290445597 |    4.698468139394003 |  0.1787239231287109 |   0.1654710318069254 |   4.15623642236721e+34 |  8.151164477540726e+32 | 2.3739019174079127e+34 |  8.360030396881982 |   4.878843881244903 |  0.08516988331269815 |  0.07430453476643528 |  0.08311778506139422 |  0.10409382067224104 | 2.3278215666157417e+34 | 1.4807782919630377e+32 | 2.0929274101274577e+32 |  2.294563371876227e+34 |       6 | UBgVri | Las Cumbres |
|       57491.578365 |                    0.0 |                    0.0 |  9.484281380773734 |    4.038110385597828 |  0.5516416545493886 |   0.3739357497821513 |  4.550290598177402e+34 |  2.948547546405874e+33 |  2.430227287286981e+34 |  8.570326947453868 |   4.662754561230789 |  0.10445586377156069 |  0.09561695503698253 |   0.0822306290419963 |  0.09267010403719134 | 2.3173560861397895e+34 | 1.9199913620966586e+32 | 2.1158842105183763e+32 | 2.4171880669805815e+34 |       5 |  UBVRI |         TNT |
|  57492.25334166666 |   0.010341666660679039 |   0.007858333337935619 |  8.554589455726482 |    4.563892186348979 | 0.18633158525975876 |  0.17150459203959126 |  3.847091187024507e+34 |  7.573843578982929e+32 | 2.2032277696002196e+34 |  8.275755640872823 |   4.814418425303114 |  0.05038773926289508 |  0.09026173197213794 |  0.12056506598151095 |  0.05695900442114521 |  2.177671625607153e+34 |  2.981858268298917e+32 | 1.4162714098545856e+32 |  2.126035887011501e+34 |       6 | UBgVri | Las Cumbres |
|  57494.29060000001 |   0.010400000006484333 |   0.007799999992130324 |  7.992059658028506 |    5.040888089092294 |  0.1991030509032345 |  0.22588285293958116 | 3.5753125995267988e+34 |   7.58547369282734e+32 | 2.1139684529942954e+34 | 7.5221512610475125 |   5.575023142265028 |  0.06850453573971205 |  0.06315708776563245 |   0.1064662087480297 |  0.11644805716695661 | 2.0677781964587685e+34 |  1.636769762598014e+32 |  2.038630526835945e+32 |  2.028638670777479e+34 |       6 | UBgVri | Las Cumbres |
|       57494.627855 |                    0.0 |                    0.0 |    8.2845301307959 |    4.729550948539375 | 0.37323948037902555 |   0.3427045897327887 |  3.633928540071825e+34 |  1.685302119566475e+33 |  2.115751155077226e+34 |   8.19221335488404 |   4.833707878571802 |  0.09692824233862218 |  0.10566855405002684 |   0.0981454886560238 |  0.10656867416053117 |  2.129155569839916e+34 | 1.6212217541264893e+32 | 1.7704315981994248e+32 | 1.8869014516069644e+34 |       4 |   BVRI |         TNT |
| 57496.298650000004 |   0.007150000004912727 |   0.009949999992386438 |  7.431472175158314 |     5.20447374352639 | 0.29696004104033247 |  0.42410855117963453 |  2.849168322086565e+34 | 1.0634001020443825e+33 |  1.720400773243464e+34 |  7.554101498028313 |  5.0254275910334485 |   0.1591772980693218 |   0.1549986230381677 |  0.22370699164317465 |  0.23953546597203879 | 1.7077959594513753e+34 | 4.6425361077344375e+32 |  3.791008430699905e+32 | 1.6663902959345897e+34 |       4 |   UBVi | Las Cumbres |
|  57498.22903333334 |   0.010433333336550277 |   0.007966666664287914 |  7.216467087804592 |   5.6676608158739485 |  0.1689764525074729 |  0.25367370586289506 | 3.0044936036972263e+34 |  5.714727705410597e+32 | 1.8223949768865335e+34 |  6.779233545140777 |   6.343019092429799 |  0.06968501052936382 |  0.07623396435947072 |  0.15406118289104587 |   0.1658924073545638 | 1.7833541439466662e+34 | 2.1175164350193595e+32 | 1.9902472752210564e+32 | 1.7393727816823164e+34 |       6 | UBgVri | Las Cumbres |
|       57498.625483 |                    0.0 |                    0.0 |  7.487980624949521 |    5.339694589193384 | 0.48057542973232187 |   0.5868645261110447 |  3.091410819334719e+34 | 1.8031124022706423e+33 |  1.863800836801706e+34 | 7.4155790727330215 |   5.503086292455983 |  0.08356253162424032 |  0.09255947390788677 |  0.12115826466553425 |  0.12115795867046408 | 1.9093952112704202e+34 |  1.963412665370776e+32 | 1.7012216893587576e+32 | 1.6917073640560843e+34 |       4 |   BVRI |         TNT |
| 57500.194941666676 |   0.010541666677454486 |   0.007958333320857491 |  7.128398594675069 |   5.6363920711766395 | 0.18646595014151662 |   0.2838547627076655 | 2.8290155419642324e+34 |  6.001940323631241e+32 | 1.7180086001723436e+34 |   6.67004089089402 |   6.337314995899089 |  0.09305467272023016 |  0.07426956441219179 |  0.16047015948023802 |  0.23156256916448115 | 1.6707116417304287e+34 |   2.86533485111236e+32 | 2.3280199461353883e+32 | 1.6362899402262667e+34 |       6 | UBgVri | Las Cumbres |
|       57500.618378 |                    0.0 |                    0.0 |  7.268968140850298 |    5.577344547855285 |  0.4490116886918617 |   0.6008744882645582 |  2.995098085899298e+34 | 1.6230940453648797e+33 | 1.8150657858341364e+34 | 7.3306918884417325 |   5.539914908966788 |   0.1161095017750764 |   0.0907072334814707 |   0.1361472440295044 |    0.162135454337343 | 1.8486058240084253e+34 | 2.3715923316583537e+32 | 1.7556401363600837e+32 | 1.6544112641908697e+34 |       4 |   BVRI |         TNT |
|       57501.620423 |                    0.0 |                    0.0 |  6.381575048354582 |    6.950205336287394 |  0.6848414190693171 |   1.4575817280330108 |  2.762942419073717e+34 |  2.599796250955066e+33 | 1.6641878325894997e+34 |  6.952627901580568 |   6.047276717935267 |  0.07479723771190194 |  0.07307953233591391 |  0.11534603029330182 |   0.1421499713092791 | 1.7960492390754205e+34 | 1.5022610767764129e+32 | 1.6445747344515573e+32 | 1.6645761583544334e+34 |       5 |  UBVRI |         TNT |
|         57502.1167 |   0.004999999997380655 |   0.004000000000814907 |   5.77815530898332 |    9.177313200563898 | 0.25789334646136325 |   1.1170065377173415 | 3.2378221491636234e+34 | 2.3210003482574287e+33 | 1.8782978864807398e+34 |  5.445161874721583 |  10.695373811123192 |  0.06459756131326788 |  0.06470416844344662 |   0.4122697223468066 |  0.43648115276644717 | 1.9381685694529102e+34 | 5.1438565791439494e+32 | 5.7505247656521894e+32 |  9.499925304884606e+33 |       3 |    UBV | Las Cumbres |
| 57503.208308333335 |    0.01040833333536284 |   0.007891666668001562 |  6.609829639676446 |    6.463648414801609 | 0.18087151974463714 |  0.35569310986521246 |   2.75030940910708e+34 |  6.172226478830706e+32 | 1.6671478615912373e+34 |  5.951451255940796 |   7.964084318218564 |  0.04368452451991711 |  0.04369170148506818 |   0.1365622146819394 |  0.17543717822577953 |  1.615439623590743e+34 | 1.8022869917214404e+32 | 1.6342129820532054e+32 | 1.5749311251239132e+34 |       6 | UBgVri | Las Cumbres |
|       57504.195075 |   0.010775000002468005 |   0.008224999997764826 |  6.590520890184459 |    6.434739008528529 | 0.21624809993112556 |   0.4253114381044867 |  2.694051394031093e+34 |  7.257886425908467e+32 |  1.632402505075635e+34 |   5.79341944174794 |    8.40174851924401 |  0.03794577046409664 | 0.049315525455591924 |   0.1970509435205159 |  0.13410396899818444 | 1.5875489813885523e+34 | 1.5238267616006034e+32 | 1.7281538149738402e+32 | 1.5375102733364677e+34 |       6 | UBgVri | Las Cumbres |
| 57505.278172727274 |   0.010372727272624616 |   0.008327272727910895 |   6.58194244084286 |    6.547110630761622 | 0.29228559191163617 |    0.606990585510957 | 2.7744743778433497e+34 |  9.823424261976994e+32 | 1.6808248661778553e+34 |  5.733654184669269 |    8.72262087258785 | 0.055924326431264326 |  0.04901405384630397 |  0.19983412707750148 |  0.22507086895342177 | 1.6379965442343146e+34 |   2.08497934872331e+32 |  2.157574902921277e+32 |  1.557806544682405e+34 |       6 | UBgVri | Las Cumbres |
|  57506.26416666667 |    0.01046666666661622 |    0.00793333333422197 |  6.295800241656746 |    7.184771292481912 | 0.21635360526438185 |   0.5104622270292778 |  2.797014353354792e+34 |  8.083858908790674e+32 |   1.67898926306871e+34 |  5.350566156880789 |   10.22102264613177 | 0.025645646351421192 |   0.0381300451092228 |  0.21415382323913157 |  0.13849289541960097 | 1.6267034659565433e+34 |   1.61117248115718e+32 | 1.7228523662422137e+32 | 1.5712120958645673e+34 |       6 | UBgVri | Las Cumbres |
|  57508.11620909091 |   0.008609090909885708 |    0.00689090908417711 |  6.230489141508567 |   7.1497283742175135 |  0.2510560134715007 |   0.5923864631838925 | 2.6566399465351445e+34 |  8.547636163475583e+32 | 1.5899702855515573e+34 |  5.734744731678392 |   8.464324981651608 | 0.058040067268427364 |  0.06819874434659656 |  0.20549325375367822 |   0.1940869679631021 | 1.5465690118519836e+34 | 1.6947897705974592e+32 | 1.6041775483077198e+32 | 1.4695591610863866e+34 |       6 | UBgVri | Las Cumbres |
|        57512.25055 |    0.01044999999430729 |     0.0079500000065309 |  6.025295004960598 |    7.725060910713525 | 0.24713844381999173 |   0.6715401793024524 |  2.712577313338649e+34 |  9.675513162346337e+32 | 1.6044695276254994e+34 |  5.169901378019495 |  10.830109466184922 |  0.03142953209240318 | 0.034983924752441276 |  0.19441422887111415 |   0.2215263960514644 |  1.555532377279734e+34 | 2.0324130642877964e+32 | 1.8508766889075566e+32 | 1.4897400335031596e+34 |       6 | UBgVri | Las Cumbres |
|       57515.625795 |                    0.0 |                    0.0 |  6.181687479836609 |     7.39504991785492 |  0.5416082326597484 |   1.2481841408073988 |  2.754072949827845e+34 |  1.828288991861636e+33 | 1.6442279441104713e+34 |  6.105597831187751 |   7.617064552279387 |   0.0689895331745296 |  0.05822578989183036 |  0.14940243536722164 |  0.18886975773435477 |  1.656322478128474e+34 | 1.6862155398674435e+32 |  9.024073905969838e+31 | 1.5287543941060999e+34 |       4 |   BVRI |         TNT |
| 57517.188016666674 |   0.010916666673438158 |   0.008083333326794673 |  5.921251822498163 |    8.026494086867206 | 0.27272909521782285 |   0.7912513966037629 |  2.731309686568128e+34 | 1.1114025356957935e+33 | 1.6035783625198632e+34 |  4.892617000349725 |  12.305355987596997 | 0.033812648110061794 | 0.030379049745955733 |  0.22916009523735426 |   0.2597778090302718 | 1.5237409158406363e+34 | 1.8054752842145743e+32 | 1.6442548194785686e+32 | 1.4944219874427138e+34 |       6 | UBgVri | Las Cumbres |
|        57519.14116 |   0.021759999995992985 |   0.017339999998512212 |  5.289994600988945 |   10.052675128581178 | 0.16614589471187344 |   0.7579202797707784 | 2.7292872712076096e+34 | 1.0386425945945781e+33 | 1.4931725936688235e+34 |  4.471025858638665 |   15.59101683369962 |  0.02116994293886343 |  0.02362298550293751 |    0.269072094192067 |  0.24662901571954343 | 1.5285990672909714e+34 | 1.4913777649890001e+32 |  1.472755696020175e+32 | 1.3781770585849986e+34 |       6 | UBgVri | Las Cumbres |
|  57524.22807777778 |   0.009077777780476026 |   0.008322222223796416 |  5.675363844773278 |     8.43858500703384 |  0.5245275564455596 |   1.7859903518798355 | 2.5478809701477304e+34 | 2.4611992747853104e+33 |  1.463409162244967e+34 |  4.823257007717365 |   11.99317708397642 |  0.07695917551401177 |  0.07785981727423597 |   0.5618390159360889 |    0.595847075906665 | 1.3445361848593573e+34 | 3.1240797152178832e+32 | 2.7140890656661106e+32 | 1.3309777484948867e+34 |       6 | UBgVri | Las Cumbres |
|  57529.15863333332 |   0.018533333321101964 |   0.009166666684905067 |  5.194008236636779 |   10.417795853783133 | 0.20537931355296044 |   0.9496740097204865 | 2.7241264353364204e+34 | 1.1118900611753775e+33 | 1.4678210431774863e+34 |  4.244385831346603 |   16.64542885764936 | 0.035945117859960796 |  0.03180479337816511 |  0.35791053958764607 |   0.5098581737050587 | 1.3167357870387938e+34 |  2.350790932940785e+32 |  2.172737890988657e+32 | 1.3346830505560737e+34 |       6 | UBgVri | Las Cumbres |
| 57540.545545999994 | -7.275957614183426e-12 |  7.275957614183426e-12 |  5.044964617435697 |   11.105900885735043 |  0.4452094300947074 |    2.169471106916898 | 2.7555298785191463e+34 | 2.2164519418423357e+33 |  1.445995338656755e+34 |  4.730557211986404 |  12.735692878396394 | 0.027351633123459784 | 0.032452256801825285 |  0.20585634126916652 |  0.19262288531604277 | 1.3736608181211473e+34 | 1.2921959162073678e+32 | 1.2318387356577227e+32 |  1.409972109755978e+34 |       5 |  UBVRI |         TNT |
|  57556.14896666666 |    0.01836666666349629 |    0.01723333333939081 |  4.675957125072338 |   13.605523372494591 |  0.1685177858817167 |   1.2516551860679594 | 3.0519514878939295e+34 | 1.4792391972432795e+33 |  1.475261852834759e+34 |   4.23305765179119 |   17.60156922779692 |  0.04068448363963295 |  0.03764931251407244 |   0.5016909176765338 |  0.46238331361379537 |  1.441473458264469e+34 | 1.8862844803035965e+32 |  1.929489722928515e+32 | 1.2713937369067855e+34 |       5 |  BgVri | Las Cumbres |
|       57557.535687 |                    0.0 |                    0.0 |  5.034492489753044 |   11.262748464915429 |  0.3861515426288841 |   1.8925935983819038 | 2.8104547571561453e+34 |   1.78543288843373e+33 |  1.471882019287553e+34 |  4.589283494557069 |  13.802655119207554 |  0.02820142799051073 | 0.028246922000493058 |  0.27248082953537356 |  0.23752219492257254 | 1.3757631985253186e+34 | 1.3813409791656024e+32 |  1.270854368779105e+32 | 1.3968419700494478e+34 |       4 |   BVRI |         TNT |
|  57673.48033333333 |   0.011333333335642237 |    0.00986666666722158 |  3.857924792388256 |    8.447672907629977 | 0.20049619759886536 |   1.2084379069340674 |  5.451979912400965e+33 |  4.670137422369204e+32 | 1.9559778760179682e+33 | 3.4930849286841283 |  11.226936278682523 |  0.16940247824655374 |   0.1377011318056658 |   1.2774288361050221 |   1.8338778204997226 | 1.8640645307369756e+33 | 1.0001923291093037e+32 | 1.1204725938469988e+32 |  1.675437792337185e+33 |       5 |  BgVri | Las Cumbres |
| 57674.490600000005 |    0.00930000000516884 |   0.007699999994656537 |  5.074360239867097 |      4.3712859956193 |  0.7685931342909048 |   1.4739559052056181 |  4.369267800238713e+33 | 5.1064435361745175e+32 | 2.3054595071222486e+33 |  4.736591536628696 |   4.934993819129218 |  0.36141891853833563 |  0.43210484483489076 |   0.9131435879919776 |   1.1047723991414973 | 2.0774170019646424e+33 | 1.5958517806217332e+32 | 1.5375605644704612e+32 | 1.8943300967123866e+33 |       4 |   gVri | Las Cumbres |
| 57679.484500000006 |   0.012000000002444722 |   0.008999999990919605 |  4.138401685475814 |    6.620701528002007 |  0.4523344173681774 |   1.9015880038297348 | 4.4340810523833127e+33 |  6.984080720547006e+32 | 1.8015985461413804e+33 |   3.12151237525784 |  14.235345123840574 |  0.16929500224834904 |  0.21690682001755857 |     2.93619284264272 |   3.4325724611937325 | 1.4678237992526156e+33 | 1.1615183071631089e+32 | 1.2577813166288306e+32 | 1.5112320850628304e+33 |       5 |  BgVri | Las Cumbres |
| 57680.470010000005 |    0.01591000000189524 |   0.014489999994111713 |  4.426526218677861 |    5.303974048685326 | 0.30836698646635946 |   0.9328901238185688 | 3.7249460221332667e+33 |   3.35639497981295e+32 | 1.6764175247522026e+33 |  3.927478250948254 |   6.940252359228252 |  0.22004418535643921 |   0.2058800096603779 |   0.9426640191240487 |   1.4730057643402752 | 1.4930275154025166e+33 |  1.103210080302396e+32 | 1.1278879379571295e+32 |   1.43688073823009e+33 |       5 |  BgVri | Las Cumbres |
|        57688.44515 |   0.015950000000884756 |   0.014549999999871943 |  4.084538577885686 |    5.701495612146868 | 0.33963483536518035 |   1.2627843888040997 |   3.12043138290731e+33 | 3.9308121156847116e+32 | 1.2404856969513465e+33 |  3.207806136248296 |  11.022076268375494 |  0.16470917470717739 |   0.8057183462790514 |    5.321505772393747 |   2.4382467482074457 | 1.0554908189370929e+33 | 1.1428029246349736e+32 |   5.51975794257705e+31 | 1.0845079131081846e+33 |       5 |  BgVri | Las Cumbres |
|       57696.906824 |                    0.0 |                    0.0 |  4.484685582338112 |    5.468963091127429 | 0.37967223236414893 |   1.0776557843929815 |  4.172564181633644e+33 |  3.157980527505419e+32 | 1.9119001656066947e+33 |   4.27740812280652 |  6.0513148163295725 |  0.12166027330512907 |  0.11027856541023606 |  0.37771685663952503 |   0.4581244317448441 | 1.8116796178561376e+33 |  4.260385109640097e+31 |  3.320686015843955e+31 | 1.5483667033259494e+33 |       3 |    VRI |         TNT |
|        57699.41694 |   0.010140000005776528 |   0.017560000000230502 |  5.936679576207108 |    2.524519729474331 |  2.0348239733125126 |   1.8737486039905866 |  2.730216040672353e+33 |  8.408484561320327e+32 |  1.604811167766697e+33 |  4.805751854726067 |    3.52208409189095 |   0.3248734916713829 |   0.6553193029786888 |   1.0398985794183937 |   0.7783843128485466 | 1.1124161681692065e+33 | 1.5393882491319385e+32 | 1.2694456632749833e+32 |  1.367661290264406e+33 |       3 |    BVi | Las Cumbres |
|         57707.4007 |   0.015899999998509884 |   0.014500000004773028 | 4.8313501429422105 |    4.111516075219079 |  0.4361799549470561 |   0.8857960607649696 | 3.1764577087937474e+33 | 3.1314548831446454e+32 |  1.594456045132056e+33 |  4.481343412628569 |    4.76631427552077 |   0.4554380391064745 |    0.298305266462231 |   0.7452499390700016 |   1.6546034879760754 | 1.4644488305238767e+33 | 1.2466784101644907e+32 | 1.1278374938928179e+32 | 1.4460193210537147e+33 |       5 |  BgVri | Las Cumbres |
| 57715.505900000004 |    0.01590000000578584 |    0.01449999999749707 |  4.139870321654091 |    6.074684349182197 |  0.2399137972976649 |    0.929203396120899 |  3.738173212557842e+33 | 3.1960266692001244e+32 |   1.51973077115626e+33 | 3.6466100431632116 |    8.42715868383861 |    0.150839275654159 |   0.2505450587657112 |   1.5240833267400902 |    1.462460047388598 |  1.408618467690165e+33 |  1.148379282295563e+32 | 1.1202796457614018e+32 | 1.3208419070487288e+33 |       5 |  BgVri | Las Cumbres |
|        57715.90839 |                    0.0 |                    0.0 |  4.519801262222809 |    5.107975220034634 | 0.33100872188254427 |   0.8799433309001541 | 3.7552595479164573e+33 |  2.753371675321758e+32 | 1.7387583403888568e+33 | 4.0693160062345175 |   6.615159775178311 |  0.07617444823558372 |   0.1029896632295566 |   0.4711853848261054 |   0.3138755044898245 |  1.629167471889614e+33 |  5.049604903831321e+31 | 3.0082032163420834e+31 | 1.6627452735243147e+33 |       4 |   BVRI |         TNT |
|       57722.818443 |                    0.0 |                    0.0 |   4.58345311069599 |    5.022879178324318 | 0.03252009054441197 |  0.08159202952752403 | 3.8400923935646225e+33 |  2.284459866269782e+31 | 1.8106980979089464e+33 |  4.578904131635333 |   4.992239883049918 |  0.13251582686334995 |   0.1424882269020209 |   0.3279934015375652 |  0.37860445124765096 | 1.7838467294784726e+33 |  4.896099081747571e+31 |  4.532089192187604e+31 | 1.4554333667545733e+33 |       3 |    VRI |         TNT |
| 57723.384360000004 |   0.015960000004270114 |   0.014539999996486586 |  4.297503899499213 |    4.891312129203924 | 0.35792970767852067 |   1.0487794140002453 | 2.8143681776617615e+33 | 3.2129739216690703e+32 | 1.2133844883974735e+33 | 3.5773317119025902 |   7.807276121867046 |   0.2176893645654845 |  0.16675463934253854 |   1.2180962231278043 |   1.6407112374920292 | 1.0300297836995266e+33 |  7.124072226131808e+31 |  7.139370923254447e+31 | 1.0377308176818191e+33 |       5 |  BgVri | Las Cumbres |
|       57723.675749 |                    0.0 |                    0.0 |  4.473516091265276 |    5.047167557321719 |   0.247374042921887 |   0.6610944099968401 |  3.518491450804804e+33 | 1.9895925232681696e+32 | 1.6067511976115957e+33 |  4.212744672631953 |   5.765718850247107 |  0.07889432450627964 |  0.06519024521866701 |  0.21690525893265988 |   0.2908641724065033 |  1.512945538587623e+33 |  2.117549410162137e+31 |  2.877923588482524e+31 | 1.5476852763031863e+33 |       4 |   BVRI |         TNT |
|       57727.787505 |                    0.0 |                    0.0 | 4.6691771022684865 |    4.462473544836055 | 0.18063572968214478 |  0.39734162519965377 |  3.264207335041694e+33 | 1.1857977422668467e+32 | 1.5750917215941842e+33 |  4.450631881661129 |   4.981701136576997 |  0.08176790058730088 |  0.08057422094500222 |  0.24697005143924322 |  0.22769966632209204 |  1.509393467587037e+33 | 2.6349164356312725e+31 |  2.942699926547169e+31 | 1.5245013615313702e+33 |       4 |   BVRI |         TNT |
|       57728.907253 |                    0.0 |                    0.0 |  4.482970054271441 |    4.976173016538332 | 0.17791936268247766 |   0.4671344690626094 |  3.449207599931491e+33 | 1.3937332227438212e+32 | 1.5796344073150422e+33 |   4.23366162832991 |   5.703904236913203 |  0.07103916427687018 |  0.08127349254572547 |   0.2620012611469793 |  0.26106353238110636 | 1.5167703566469705e+33 |   3.52916842762486e+31 |  4.057867265606639e+31 | 1.5327180882087415e+33 |       4 |   BVRI |         TNT |
|       57731.345141 |    0.44819599999755155 |     0.4481960000048275 |  4.501349887331919 |    4.870658805486983 | 0.17410193463689855 |  0.44435973096761466 | 3.3590118946448277e+33 | 1.3116344040945877e+32 | 1.5468304789354107e+33 |  4.267394169680963 |   5.527660955117119 |   0.0552939836040629 |  0.04927162446744582 |  0.15976356150622006 |  0.19459016663807027 |  1.486409576231566e+33 |  1.893538667997894e+31 |  2.832529596223724e+31 | 1.4972679482228504e+33 |       4 |   BVRI |         TNT |
|  57732.33936999999 |   0.016069999990577344 |   0.014630000012402888 | 4.2746222374022205 |    5.052311925939252 |  0.3243734804140819 |   0.9904948498478278 |  2.939248555495318e+33 | 3.0894812990181462e+32 | 1.2570258670808994e+33 |  3.931285991632911 |   6.132552425433939 |  0.24814521389417799 |   0.2783852683755317 |   1.0073357582569296 |   1.5153782035834844 | 1.1936609228567556e+33 |  9.281295730750597e+31 |  9.154935606294582e+31 |  1.074205412653898e+33 |       5 |  BgVri | Las Cumbres |
|       57732.781453 |                    0.0 |                    0.0 |  4.551419773008321 |    4.824359308552944 |  0.2969199981000871 |   0.7368476919019119 | 3.4445452807816524e+33 |  2.218179790658893e+32 | 1.6095651089290752e+33 | 4.1914708172592965 |   5.824409832477762 |  0.04553352800372856 |  0.07640857980559002 |  0.26769731902456595 |   0.1532048380927744 | 1.4871669886419325e+33 | 3.2479819705164526e+31 | 4.0011047964968264e+31 | 1.5417505347812917e+33 |       4 |   BVRI |         TNT |
|  57737.31307449999 |     0.4808094999898458 |    0.48080950001167366 |  4.754371801913014 |    4.230391163004294 |  0.1432097530481929 |  0.28377961758895776 |   3.15354227638957e+33 |  7.163427133690571e+31 | 1.5545959865730863e+33 |  4.677369031129903 |   4.365834483194155 |  0.13181031949391375 |  0.11514010099348937 |  0.20844335312657147 |  0.30720799479416794 |  1.522227203121151e+33 | 3.8777517444342445e+31 | 3.9641218291366684e+31 |  1.224082772434412e+33 |       3 |    VRI |         TNT |
|        57738.47536 |   0.015959999996994156 |   0.014540000003762543 |  4.286925469820675 |    4.923070004893916 |  0.2976067339179829 |    0.881290929442844 | 2.8230644594292094e+33 | 2.6993908806081263e+32 |  1.212616996066894e+33 | 3.7364703755753883 |   7.063694803998803 |  0.32374880471295286 |  0.40458050653337896 |   1.8560110482520091 |   2.2824780141020033 | 1.1104385736945776e+33 |   9.09997722008711e+31 | 1.1640656439994261e+32 | 1.0432893252033152e+33 |       5 |  BgVri | Las Cumbres |
|       57739.871799 |                    0.0 |                    0.0 |  4.917816688922758 |   3.9256639605172343 | 0.40733549979340833 |   0.7232681882588902 |  3.108712981584122e+33 | 2.2084190941265563e+32 | 1.5903225402853136e+33 |  4.668590665978595 |   4.442258871270834 |  0.10153202016187723 |  0.10235243196225419 |  0.23868070262502616 |  0.23533703760206315 | 1.5566458117364143e+33 |  3.118620651455362e+31 |  3.088208320972953e+31 | 1.5130088284741747e+33 |       4 |   BVRI |         TNT |
|        57740.85571 |                    0.0 |                    0.0 |  4.870132394985655 |   3.8603263172686733 |  0.3642373354764598 |   0.6462976713597958 | 2.8911867515149135e+33 |  1.883914877950538e+32 | 1.4639075275857239e+33 |  4.383833682800125 |  4.8979788245028875 |   0.0987499572874615 |  0.08236887028530848 |  0.20010306483588192 |  0.36295076656591085 | 1.3753763285102683e+33 |  3.170437043791746e+31 |  2.558102265479504e+31 |  1.392548201514037e+33 |       4 |   BVRI |         TNT |
|       57741.903241 |                    0.0 |                    0.0 |  4.797996503889596 |    4.076951296626132 | 0.37205965939275876 |    0.714659715144079 |  3.037916233734148e+33 | 2.1050246218241016e+32 | 1.5132313910289424e+33 |  4.495483045821375 |   4.690213956619603 |  0.07118414568801601 |   0.0868316229607462 |  0.21892983539589572 |   0.2351731312136902 |   1.42942916979001e+33 |  2.505691730369085e+31 | 2.7630121168169585e+31 | 1.4468118965309162e+33 |       4 |   BVRI |         TNT |
|       57744.810645 |                    0.0 |                    0.0 |  5.826261874208158 |    2.665961896203405 | 0.33696052951784616 |  0.29462889929147956 |  2.824443679258932e+33 |   9.51124378240801e+31 | 1.6454994616199608e+33 | 5.7248477754589615 |   2.763506596972168 |   0.3426959437205319 |   0.4034444696611068 |  0.31689623867288574 |  0.37698357230523216 | 1.6321751843997976e+33 |  7.102558508686014e+31 |  8.111052039860916e+31 | 1.1509845575326084e+33 |       3 |    VRI |         TNT |
|  57746.50588999999 |   0.015889999995124526 |   0.014510000008158386 |  4.752857815776566 |    3.006021512896648 |  0.4068919758457327 |   0.6205654206916256 |  1.590261325382599e+33 | 1.5338775003409643e+32 |  7.836603888639777e+32 |  4.086146350238502 |   4.240798072032082 |  0.26353882986186283 |  0.31587491454361416 |    0.815478063850311 |   0.9510817500813165 |  6.746964617993816e+32 |   6.57205663107624e+31 | 6.4779297543246985e+31 |  6.781098343306058e+32 |       5 |  BgVri | Las Cumbres |
|       57745.925413 |                    0.0 |                    0.0 |  4.574021163265762 |    4.573223183887917 | 0.20388965843621912 |  0.47568470689979003 | 3.1572030293116116e+33 | 1.3755152449114253e+32 | 1.4847759096904623e+33 |  4.381938465313467 |   5.022927382889723 |  0.08920527157312019 |  0.08321802714987392 |    0.223536221848458 |  0.29263912088148114 |  1.426738005694613e+33 | 3.3086057476518155e+31 |  3.315891231354302e+31 | 1.4352637586996537e+33 |       4 |   BVRI |         TNT |
|        57748.82233 |                    0.0 |                    0.0 | 4.6886964673444025 |    4.198197698775966 | 0.33965342159031314 |   0.6980203123126192 |  2.937644824607096e+33 | 1.9826051070340334e+32 |  1.424668198556033e+33 |  4.369226412029346 |  4.9710593196524275 |  0.08211183488318419 |  0.10132030601041109 |  0.28655433767202254 |  0.26305454872825873 |  1.376944941141674e+33 | 3.2576525047280818e+31 |  2.553621583975685e+31 | 1.3696817197182442e+33 |       4 |   BVRI |         TNT |
|       57750.698686 |                    0.0 |                    0.0 |  4.634930360379622 |    4.346348202324813 | 0.21823365305130463 |   0.4733233032814099 |  3.006678035154598e+33 | 1.3482058929922056e+32 | 1.4377852145342396e+33 |  4.351590509600131 |   5.037130778117237 |  0.07285266026823312 |  0.09324910510167417 |   0.2601799266927003 |   0.2152062743842711 |  1.377425783093702e+33 | 3.0066362681929155e+31 |  3.504217656330647e+31 | 1.3967869077688244e+33 |       4 |   BVRI |         TNT |
|       57751.716248 |                    0.0 |                    0.0 |  4.579271673479688 |    4.470995003525511 | 0.20212301531893093 |   0.4601388791142947 | 3.0315102888541335e+33 | 1.3048277371195031e+32 | 1.4277640898324593e+33 |  4.441835718755771 |   4.761763630451166 |  0.08515961206853628 |  0.08065100146954407 |  0.18254108005435388 |   0.2605237184218687 | 1.3895681885391004e+33 | 3.4426716450087665e+31 | 2.4367964185474114e+31 | 1.3855552505416316e+33 |       4 |   BVRI |         TNT |
|       57753.794307 |                    0.0 |                    0.0 |  4.768180684265983 |    4.030619196814302 | 0.11616385314927966 |  0.22288603493480022 |  2.896138943577392e+33 |  6.374373916499902e+31 | 1.4324641331733897e+33 |  4.637065883521517 |   4.287062963043586 |  0.06616082234433307 |  0.09135599682106577 |   0.1990298106078523 |  0.16595356196480004 | 1.4048334837876343e+33 |  2.539980456694073e+31 | 2.5799612781984895e+31 |  1.393089623159395e+33 |       4 |   BVRI |         TNT |
|         57754.3463 |    0.01599999999598367 |   0.014600000002246816 |  5.275238180184335 |   2.6666241311504137 |  0.2410983876278997 |   0.2751145569041103 | 1.8991398254971034e+33 |  8.065298019639144e+31 | 1.0366656659111593e+33 |  4.876562064082829 |  3.1641163646027044 |   0.2672706926014614 |  0.28473142117166717 |    0.483332512410108 |   0.5442869191601458 |  9.861356367046854e+32 | 7.9879766534075195e+31 |  7.767077980541589e+31 |   9.15659004834251e+32 |       5 |  BgVri | Las Cumbres |
| 57755.224918571424 |    0.35998157142603304 |    0.47997542857774533 |  4.725359227772157 |    4.144484726775755 | 0.15957699588273067 |   0.3164192353392477 |  2.953557601262364e+33 |  8.450069807055885e+31 | 1.4456832381431818e+33 |  4.458099130740051 |   4.732473274294689 |  0.07261229217128218 |  0.09023439973761693 |   0.2269438500710974 |   0.1912867978203323 | 1.3876012747521776e+33 | 2.2753819568075487e+31 | 2.1305245395686125e+31 |  1.380285983661425e+33 |       4 |   BVRI |         TNT |
|  57757.43785999999 |   0.007359999988693744 |   0.006540000009408686 |  3.784514135253518 |    7.543543296014008 |  0.8604933194738651 |    6.313952326177412 |  4.025838422695382e+33 |  3.102766663262916e+33 | 1.3913583030055046e+33 |  4.255887505162319 |   4.459841914519927 |   0.9930834536450881 |   0.8489037218057796 |   1.9775032420077734 |    9.343158386685943 | 1.0255307251603386e+33 | 3.0786428999718297e+32 |  7.533768054648834e+32 |  3.854377116980457e+32 |       3 |    BgV | Las Cumbres |
|       57757.783408 |                    0.0 |                    0.0 |  4.768817443717745 |   3.7464124746870335 | 0.35801927663391625 |   0.6383603091052803 | 2.5034505110743107e+33 | 1.6975840893019032e+32 |  1.238424771866716e+33 |  4.468478857364749 |   4.405228184048525 |  0.10886737532675461 |   0.1265474366986039 |   0.2857598064673468 |  0.30657677541156847 | 1.2243151260643324e+33 | 3.0153875635447016e+31 | 3.1723535831288457e+31 | 1.1790830711420462e+33 |       4 |   BVRI |         TNT |
|  57758.40021666667 |   0.036116666669840924 |    0.03978333333361661 |  4.284764156734172 |    4.482848418797695 |   0.191410183772509 |   0.5116833009940562 | 2.3360430215233492e+33 | 1.3740081231534469e+32 | 1.0026564100047838e+33 | 3.8216056977343316 |   6.158743789147753 |   0.2522855312631638 |   0.1635225550927859 |   0.7551679119515908 |   1.2948576887588512 |  9.741441648663266e+32 |  4.287916083323242e+31 |  4.632664926641423e+31 |  8.820042607641774e+32 |       5 |  BgVri | Las Cumbres |
|       57758.883741 |                    0.0 |                    0.0 |  4.581074968709194 |    4.184822012499559 |  0.1933453412242152 |  0.41171243505340044 |  2.660042760797837e+33 | 1.0939315888529533e+32 | 1.2534438105337189e+33 |  4.320978969708491 |   4.847295687799619 |  0.06356781131832356 |  0.09496324397438283 |  0.28486680589157487 |   0.1970043110531794 |  1.228836537688475e+33 | 2.9936492453132377e+31 | 3.5872594808400886e+31 |  1.212841431144802e+33 |       4 |   BVRI |         TNT |
|  57762.65590400001 |  7.275957614183426e-12 | -7.275957614183426e-12 | 5.0418552938893715 |    3.418165122046003 |  0.5659566457601416 |   0.8174855090779191 |  2.603829982139039e+33 | 1.8914651951817776e+32 |  1.365583558237811e+33 |  4.833657643391639 |   3.691355117467162 |  0.35347557429149035 |   0.3919672879962688 |   0.5908846723452843 |   0.6873700181509621 | 1.2827630924294568e+33 |  7.474256922257706e+31 |  7.591888298432746e+31 | 1.0445331404621589e+33 |       3 |    VRI |         TNT |
|       57775.590604 |                    0.0 |                    0.0 |  4.856615623650881 |    3.573539300447745 |  0.6315007399256719 |   1.0183270676868157 | 2.4501749478362505e+33 | 2.2650548109859532e+32 |  1.236901866135129e+33 |  4.928708299319307 |  3.4377413934224053 |   0.3063674139484629 |  0.35696358669699535 |   0.5035986908851786 |   0.5146469406271406 | 1.2177902697595078e+33 | 7.4896140750641925e+31 |     9.361716129011e+31 |  9.671535422251826e+32 |       3 |    VRI |         TNT |
|         57782.5083 |   0.014699999999720603 |    0.01599999999598367 |  4.052338604011034 |    4.286300158078067 | 0.37946431806940195 |   1.0535333784648069 | 1.7086499846189175e+33 |   2.30985906214936e+32 |  6.701474791918229e+32 | 3.4152523009078046 |    6.71118169538747 |  0.39541096881362936 |   0.4019715693279813 |    2.113233775780796 |   3.3572152930290606 |   5.63468465025323e+32 |  8.884724999510282e+31 |  7.643918711927468e+31 |  5.818440607079764e+32 |       5 |  BgVri | Las Cumbres |
|  57801.37962857143 |   0.016128571427543648 |   0.024771428572421428 |  4.407595383629527 |     2.57798117745953 |  0.5284298969301402 |   0.8223556754996281 |    8.6503046222465e+32 | 1.6960185750018336e+32 |  3.869686928131578e+32 | 3.6897048923734816 |  3.3852781186286807 |   0.8508055473026155 |    1.936972469419981 |   2.6775294846812563 |    4.958844811118591 | 2.0660110184854323e+32 | 1.1608215655690077e+32 | 1.1492401355511415e+32 |  3.460941804560588e+32 |       4 |   BgVi | Las Cumbres |
|  57807.42456666666 |   0.022966666663705837 |   0.018033333341008984 |  6.175396360748331 |   1.0327063795747335 |  1.8186101219974118 |   0.6108271549097708 |  5.349067878289354e+32 | 1.1014111462918883e+32 | 3.1924227215080173e+32 |  7.291269906781842 |  0.5564436067414202 |   2.7404779269532673 |    4.890959174529037 |   0.3242452273756877 |   1.1869584887876286 | 2.0677058753299306e+32 |  6.638908406646543e+31 |  6.226859884279833e+31 |  2.951694421442403e+32 |       5 |  BgVri | Las Cumbres |
| 57814.177322222225 |    0.02152222222503042 |    0.01957777777715819 |  4.777984184290632 |    2.168821521904635 |  0.6289335314515982 |   0.6774979457799063 |  8.454569508582245e+32 | 1.1633202427235702e+32 |  4.191525206624674e+32 | 3.5921050214733725 |   4.362315127952938 |   0.6756143932899041 |   1.3980624888796855 |   2.8186960450831116 |    3.740448469846106 | 3.0956708410295987e+32 |  6.723112357856684e+31 |  6.959096380311684e+31 |  3.601114353925496e+32 |       5 |  BgVri | Las Cumbres |
|         57816.1422 |    0.02079999999841675 |    0.01629999999568099 | 3.4007270412498083 |    7.976527081381698 |  0.5383881703961192 |    3.991415370725264 |  2.934808891893444e+33 | 1.1269881860891771e+33 |  8.016255292745185e+32 | 3.8432536398493795 |  2.6553320902299236 |    2.178451033010608 |   1.8910575103058926 |   2.2937590041013287 |   11.723538039898557 |   2.60306891876931e+32 |  2.593158406801125e+32 |  3.976079111330922e+32 |   7.25351991346045e+32 |       5 |  BgVri | Las Cumbres |
| 57822.147300000004 |   0.022800000006100163 |   0.018199999998614658 | 10.797601062946923 |   0.5428822853922604 |   9.060408038219977 |   0.6263712295254151 | 1.3816100726534902e+33 | 1.5495671212327062e+33 |  6.532835990710963e+32 |  6.074868725427266 | 0.14781590619867915 |   4.6200151838479036 |   29.803839977853954 |  0.12090619137502043 |   3.4768726962239125 |  1.052083299431548e+31 | 1.0519973438517845e+31 |  2.788442908698369e+32 |  5.492226617410709e+32 |       5 |  BgVri | Las Cumbres |
|  57831.38095714286 |   0.014057142856472638 |   0.013742857139732223 |  7.927639352072061 |   0.4747093294169895 |   3.689908671510746 |   0.3974998415120524 |   3.06970125829549e+32 |   8.72357741711319e+31 |  1.820504281211182e+32 |  5.489818912491528 | 0.08686511594589863 |   3.5811049696348594 |   22.625548326863722 |  0.06496539770429435 |  0.34027810581103624 |  5.982308471522838e+30 |  5.982109822332499e+30 | 1.4593066850575038e+32 | 1.3236438416995847e+32 |       4 |   BgVr | Las Cumbres |
|        57832.13682 |    0.01952000000164844 |    0.02148000000306638 | 11.078538478391376 |   0.3171545641904043 |  3.5169571538669677 |  0.14125529339288118 |  5.225608294281589e+32 | 2.2083165580099352e+32 | 2.4018974337227743e+32 | 11.379584471327679 |  0.2717193607492997 |    6.031845207202518 |   22.074131107597534 |  0.19672495396248657 |   0.7373191880629474 | 1.7683917649241617e+32 | 1.0059958287717318e+32 |   1.10117407900993e+32 |  2.148515350290545e+32 |       3 |    BVi | Las Cumbres |
|  57846.35044285714 |   0.022342857140756678 |   0.019257142863352783 |  5.474248101173616 |    1.187215138785597 |   1.896897836546367 |   0.8793012583650855 |   4.36537740778664e+32 | 1.1960402513243501e+32 | 2.4502413409345022e+32 |  2.872768357746427 |  1.3526755676494702 |   1.3952377800190328 |    4.296896637911179 |   1.2980274374726832 |   13.176690065685444 |  8.128887198755897e+30 |  8.107021722853519e+30 |   1.21590098860352e+32 | 2.2123327090183964e+32 |       5 |  BgVri | Las Cumbres |
| 57847.341524999996 |    0.01832499999727588 |   0.017675000002782326 |  99.99999999999777 | 0.044622765930744525 |   958.7119766386005 |  0.24800049364161306 |  6.867173372415905e+34 |  1.870495126600497e+36 |   2.01706963834927e+32 |  3.782065687213482 | 0.04195280845241205 |    2.270430541219258 |   12.298575045623721 | 0.026138646680531286 |    0.395313332033916 |  7.011551784559658e+28 |  6.994432416342581e+28 | 1.9738927255171442e+31 |  1.330247625486451e+32 |       3 |    BVi | Las Cumbres |
|  57853.31535999999 |    0.01645999999163905 |   0.019340000006195623 | 2.2371236111810227 |    52.00075949528344 |  0.6554421373268536 |    65.82884972961782 | 2.3358467090402933e+34 | 3.1874358196767676e+34 |  1.483892805651718e+33 |  2.174031116236534 |   2.735040717332347 |   0.9047496168405524 |   3.3791357871681584 |    2.591858590943058 |    140.2879113393323 |  8.286686526990379e+30 |  8.208472413367411e+30 |  6.361490777348563e+32 | 1.4363181130568068e+33 |       5 |  BgVri | Las Cumbres |
|       57918.138375 |   0.012275000000954606 |   0.024825000000419095 |   7.34634082069448 |   0.4658705306099719 |  1.0846848311747184 |  0.11618554383863236 | 2.1801170380974895e+32 | 3.1652941338937776e+31 | 1.3191089010933465e+32 |   5.59011611207405 | 0.11361114255371524 |    4.009073362245314 |   22.981428296095793 |  0.08932677445433232 |   0.5450421306241602 |  7.243924931049515e+30 |  7.227415812998856e+30 |  8.821037733002526e+31 | 1.1560229169741357e+32 |       3 |    BVi | Las Cumbres |
