|                MJD |                 dMJD0 |                dMJD1 |               temp |             radius |               dtemp |            dradius |                    lum |                   dlum |                  L_opt |          temp_mcmc |        radius_mcmc |               dtemp0 |               dtemp1 |           dradius0 |           dradius1 |                 L_mcmc |               dL_mcmc0 |               dL_mcmc1 |                  L_int | npoints | filts | source |
| 58424.466539999936 |  0.009839999955147505 | 0.009159999899566174 |  12.16184670944404 | 17.907480320607977 | 0.45888209207012604 | 0.8956135628117494 |  2.419536092666798e+36 |  1.296315378066753e+35 |  1.001990042705805e+36 | 12.897500461917621 | 16.782002138732146 |  0.44160628177952965 |  0.38020700611068214 |  0.662865223075837 | 0.7822546220431725 | 1.0271859613828903e+36 |  9.866820517579718e+33 |  9.528469477265985e+33 |   8.22237584020084e+35 |       5 | BgVri |    LCO |
|  58442.32279999992 |  0.009900000135530718 |  0.00920000001497101 |  7.108893701680812 | 37.572844782228046 | 0.41652273676005347 |  4.198709945129073 | 1.2434298165769216e+36 |  5.323350087221322e+34 |  7.304221130848168e+35 |  6.756108007388976 |  41.17606821480961 |  0.05425799664516262 |  0.05641672794527253 |  0.821880217590305 | 0.7617889053186957 |   7.11707422566937e+35 |  5.044297655509005e+33 |  5.245230390892057e+33 |  6.391534137848924e+35 |       5 | BgVri |    LCO |
|  58443.41490000002 |   0.00979999992705416 | 0.009199999927659519 |  6.864170025286678 |  40.99093433581649 |  0.2890537994859282 |  3.368260180452114 | 1.2864496824799395e+36 | 3.9393785424118074e+34 |  7.538087935166673e+35 |  6.821271294751031 |  40.80668410404457 |  0.07827268255096786 |  0.07780099292909881 | 0.8931220562914248 | 0.8820859520115079 |  7.283423101631964e+35 |  6.802940399770111e+33 |  5.059503684447137e+33 |  6.629861752240171e+35 |       5 | BgVri |    LCO |
|  58445.36753333329 |  0.008133333329169545 | 0.011866666689456906 |  6.538083302324251 |  42.78394959799756 |  0.9020502722122995 | 11.591665188029797 |  1.153529181822636e+36 | 1.3202718888391649e+35 |  6.696792655017618e+35 |   5.93446051029199 |  51.30133915673834 |  0.10469502139569098 |  0.12122440200734097 | 2.3642872923093563 |   2.43012186615222 |  6.296236067947394e+35 | 1.2767643371928582e+34 |  1.263816436225951e+34 | 5.9089780402593425e+35 |       3 |   BVi |    LCO |
| 58449.304160000014 |  0.009859999830950983 | 0.009140000023762695 |  6.227094723317618 |  47.58860093241231 | 0.39064243255427156 |  6.201677500934842 | 1.1743912354212745e+36 |  5.658044516519841e+34 |  6.708227268843821e+35 |  6.268083397402684 | 47.246816212886486 |    0.050710979257655 |  0.07216689258997455 |  1.126570216156395 | 0.9467259115283468 |   6.81117603235132e+35 |  4.720465010473594e+33 |  4.171510041043077e+33 |  5.917085436313512e+35 |       5 | BgVri |    LCO |
|  58453.28125999998 |  0.009459999761020299 | 0.008440000099653844 |  5.981043608061043 |  49.09335106433939 | 0.43423591066185113 |  7.596116158361183 | 1.0636978218665618e+36 |  6.221407046455168e+34 |  5.962922339404309e+35 |  5.749499025308151 | 52.679669818143665 |  0.03512767312646936 |  0.04069683571507454 |  0.971525891234883 | 0.7791058021758843 |   5.72509056121411e+35 | 3.3972210573451555e+33 | 3.0544368602280363e+33 |  5.261317353956804e+35 |       5 | BgVri |    LCO |
| 58455.275039999935 |  0.008740000150282867 | 0.008259999842266552 |  5.784055307614443 |  52.75203606822126 |  0.3736352094109766 |  7.417531434733413 | 1.0741705488044582e+36 |  5.864164316647291e+34 |  5.906161008595985e+35 | 5.4966291868368184 | 58.216321091976816 |  0.03349180252512873 | 0.032543144527611645 | 0.7400734278163199 | 0.7313717569576426 | 5.6596835632796494e+35 | 4.2613697611005027e+33 | 4.4052091573157736e+33 |  5.234507636398063e+35 |       5 | BgVri |    LCO |
|  58457.31172000002 |   0.00921999979618704 |  0.00827999981265748 |  5.883526375660006 | 49.161170477351334 |  0.5329869253445033 |  9.590326603505588 |  9.987580365868336e+35 |  7.456246474884838e+34 | 5.5483110950671986e+35 |  5.049710768210174 |  72.05125181678412 | 0.048727286081263976 |   0.0476772266439891 | 1.8339871758899733 |  2.171882693992245 |  5.713396758852641e+35 |  5.891209303260197e+33 |  5.286157684054397e+33 | 4.8903618386514094e+35 |       5 | BgVri |    LCO |
|  58465.31239999998 |   0.01199999991513323 |  0.00999999996565748 |  5.452161766277745 | 55.562968712006935 | 0.32371682802306395 |  7.453315547079467 |  9.408293445669383e+35 |  5.202816576419091e+34 |  4.956854359142907e+35 |  5.149469604142893 |   61.7279205769647 | 0.030212261440675015 |  0.03224817721926598 |  1.077776305494595 |  0.950245353847933 |  4.619361649952317e+35 | 4.1455000175387044e+33 | 3.6465468325340943e+33 | 4.3900509150908416e+35 |       5 | BgVri |    LCO |
|  58472.33962000003 |   0.01211999989754986 | 0.010680000021238811 |  5.336360006380204 |  54.72905162749382 |  0.3588290468604395 |  8.427567714770232 |  8.376862114188475e+35 |  5.450105063164337e+34 |  4.333615088704936e+35 |  5.043633668741922 |   61.0344380860654 |  0.06462367028028915 |   0.0672994143105905 |  1.824797075405968 |  2.098451347128524 |  4.076433687130607e+35 |  4.985080316557825e+33 | 4.8848632627252634e+33 | 3.8358242037035815e+35 |       5 | BgVri |    LCO |
|  58476.26877999995 |   0.01758000012341654 | 0.025920000021869782 |  5.275664595613402 |  55.00335935183526 |  0.4747894350649801 | 11.417963365232831 |  8.082620308998126e+35 |   7.18562503695431e+34 |   4.13841655991525e+35 |  4.582615327707966 |  79.87167063705746 |  0.08174592922878432 |   0.0986748444614447 |   4.39959546275459 |  4.316214713436324 |  4.236564453685612e+35 |  6.244030707273676e+33 |  8.122428204354312e+33 |  3.641627052875196e+35 |       5 | BgVri |    LCO |
|  58480.37061999999 |  0.012320000023464672 |    0.010479999895324 |  5.187098387969541 |  56.35030390856125 |  0.3768492147964033 |    9.5446470063392 |  7.927851510360256e+35 |  5.869737219806381e+34 |  3.994455433509685e+35 |  4.693858361085855 |  71.64242128480451 | 0.033185347710827706 |  0.02686094365616576 | 1.1690905341869353 | 1.4471499977281042 |  3.859325597567941e+35 | 2.2763413556917558e+33 | 2.1996921728747466e+33 |   3.53277317314826e+35 |       5 | BgVri |    LCO |
|        58487.30362 |  0.012120000181312207 | 0.010680000203137752 |  5.004239322686069 |  58.47711940086742 |  0.3366599851113205 |  9.383087631866697 |  7.395869952546935e+35 | 5.4245857259663575e+34 |  3.590385316030875e+35 | 4.3938840033028885 |  84.42986362006275 |  0.03780351075811872 |  0.03446988854128907 | 1.9952720686025742 |  2.465874273998608 |  3.750313540090456e+35 | 3.6543943139263286e+33 |  3.464449447670646e+33 | 3.1656997669404148e+35 |       5 | BgVri |    LCO |
|  58498.15814000005 |  0.016340000183845405 | 0.014760000070964452 | 4.9850751918085265 | 53.079469681104165 |  0.4926790033337387 | 12.542561327707178 |  6.000743215388562e+35 | 6.5131902429198235e+34 | 2.9008160784045606e+35 |  4.097965891268937 |  94.05905741971185 |  0.04409297748306873 |  0.08181157439720188 |  4.826673557289311 | 3.6121386931779114 | 3.1486200373958076e+35 |  3.230805320630726e+33 |  3.127872316644431e+33 | 2.5378589386311363e+35 |       5 | BgVri |    LCO |
|  58504.23342000004 |  0.016320000031555537 |  0.01467999992746627 |  4.759016260212977 |  57.60116291222255 | 0.38763282919737635 | 11.556234420836844 |  5.869434990874371e+35 |  5.741084443446001e+34 |  2.685264887505197e+35 |  4.499927924189616 |  65.36354208804309 |  0.04559126651608203 |  0.05642381881823155 | 2.3832147897370533 |  2.023118817525898 | 2.5589480817602422e+35 |  2.960630767560684e+33 |  3.058761332101369e+33 |  2.360650572724729e+35 |       5 | BgVri |    LCO |
| 58521.383380000014 |   0.01568000018596649 | 0.014119999948889017 |  4.684995633965618 |  52.17326851131424 | 0.42269669921745645 | 11.712581655144293 |  4.522701144736195e+35 |  5.051870497440219e+34 | 2.0276093167977987e+35 | 4.0646711012416015 |  77.40016789313597 | 0.026041513800768357 |  0.02767609277483274 | 1.6344367889612386 |  1.605049661801445 |  2.019234122107003e+35 | 1.3002416184819882e+33 | 1.3980720936309928e+33 |  1.770647494027846e+35 |       5 | BgVri |    LCO |
|  58526.39670000002 |  0.015400000011140946 | 0.013000000173633453 |  4.636952301590555 |  51.83434798411761 |  0.4578620012730237 |  12.82073706454459 |  4.283816242329766e+35 | 5.3431847447782295e+34 | 1.8942007815557244e+35 | 4.1645551058821315 |  64.49506409338053 | 0.028270026566281636 |  0.03190947767603358 | 1.6160831334970496 | 1.3948080968770995 | 1.6119373115574626e+35 |  1.911588534448071e+33 | 2.2062629105824458e+33 | 1.6516562003297533e+35 |       5 | BgVri |    LCO |
|  58536.34975999994 |  0.010560000126133673 | 0.014140000290353782 |  4.446135025226552 |  50.65181076929937 |  0.4182195644367966 | 12.268452446665561 |  3.457686238072649e+35 | 4.4610423159393285e+34 | 1.4397079121478504e+35 |   4.19679027794915 | 61.683369164744164 |  0.07230965904986242 |  0.08387809823530823 |  3.332701575980053 | 3.0530781154585185 | 1.5401442873598956e+35 | 1.9210079178842137e+33 | 1.7519697510313519e+33 | 1.2708555210963127e+35 |       5 | BgVri |    LCO |
|  58540.37580000004 |   0.01069999998435378 | 0.010100000072270632 |  4.711003065865182 | 39.160429582341216 |  0.6263413732761974 | 12.719245927163904 | 2.6050345114260828e+35 | 3.8829610750844347e+34 | 1.1763898643828322e+35 | 3.4463031826520396 | 105.93498522322777 | 0.061454911857652395 | 0.051892822572034536 |  6.188514235231324 |  8.329413200076786 | 1.3692318696150777e+35 |  4.033452351114254e+33 |  3.874542086439846e+33 | 1.0079941446139196e+35 |       4 |  gVri |    LCO |
|  58544.30776249996 |   0.07736250018933788 |  0.07683750003343448 |  4.835068493337776 |   31.9084481118089 |  0.5092674945536338 |  8.060730428555898 | 1.9190528127951787e+35 |  2.127197604712596e+34 |  8.953827717656499e+34 |  4.183645593560838 |  43.82627624355398 | 0.036447970575412825 |  0.03265333186513608 | 1.0448506496386756 | 1.2524998334037107 |  7.679325708763247e+34 |  6.680129007285062e+32 |   6.10093507922918e+32 |  7.636369671051144e+34 |       4 |  gVri |    LCO |
| 58555.342700000074 |  0.014399999905435834 | 0.011100000083388295 |  4.716628199455964 |  30.72269380361862 |  1.8018880641135666 |  27.92438601418595 | 1.6110543687508742e+35 |  5.830877514204203e+34 |  7.286538643183466e+34 | 3.4139558434620754 |  73.64803034379815 | 0.043979020197197904 |  0.05280051714659528 | 4.1351100865093855 | 3.6358958103377006 |  6.201157072569112e+34 | 1.1826626650385294e+33 | 1.0546043109200716e+33 |  5.212007738012572e+34 |       3 |   Vri |    LCO |
| 58568.095933333505 |  0.008333333302289248 |  0.00706666661426425 |  5.902963117666751 | 16.039186502735117 |   4.485639698830672 |  24.30112269744357 | 1.0772338522416697e+35 |  4.210899993296338e+34 |   5.99556223270416e+34 |  4.299849980237566 | 28.999034560135613 |  0.06508782568934901 |  0.07511924348263044 | 1.4836338168926098 | 1.3291583265099263 | 3.9113510613753504e+34 |  4.679593191213038e+32 | 3.7389273391487766e+32 | 3.8528296128788595e+34 |       3 |   Vri |    LCO |
|  58571.29419999989 |  0.007699999958276749 | 0.007699999958276749 |  5.239074419304444 | 21.014617041255818 |   2.238921187935604 |  19.66847646290876 | 1.1474301817487242e+35 |  3.268351294455175e+34 |  5.836978220725152e+34 |  4.011009693422377 |  45.02534492228292 |  0.08816397584249724 |  0.07890561420813658 | 2.6893666307288413 |  3.176349477600283 |  6.295569023872892e+34 |  8.736481063141423e+32 |  8.884996513459572e+32 |  3.997879367984069e+34 |       3 |   Vri |    LCO |
|  58574.26993333347 |  0.007733333237410989 | 0.007766666509269271 |  5.324289182982526 |  19.55722852518058 |    3.17919867168587 | 25.252816393944688 | 1.0600496398980518e+35 |  4.008004848529907e+34 |   5.47295039133261e+34 | 3.5374531521519628 |  62.07916265811397 |  0.06904535867792694 |  0.08293612591557542 |  4.932486134082964 |  4.180003228598295 |  5.537456444376946e+34 | 1.0524833019749795e+33 | 1.0273807535055114e+33 |   3.70406645867672e+34 |       3 |   Vri |    LCO |
| 58577.122899999995 | 0.0041000001729116775 | 0.006200000025273766 |  5.437274577460917 | 18.179501855384697 |  2.0888754461623296 | 14.855219789535935 |  9.962172483882647e+34 | 2.2772332442637974e+34 |  5.236914993254115e+34 |  4.203103968024571 | 33.343178050872716 |  0.17209310952980417 |  0.17570737115781565 |  4.101721646655882 |  4.451309105369667 |  4.535998773502817e+34 | 1.4746367484058474e+33 |  1.345474178597879e+33 | 3.5314240704075425e+34 |       3 |   Vri |    LCO |
|   58578.1268666666 |  0.004866666626185179 |  0.00283333333209157 |  5.253216441720914 | 19.980674687502564 |   2.304982224248043 |  19.15999258894306 | 1.0485436548917137e+35 | 3.0398873816504596e+34 |  5.347475246677712e+34 | 4.6342529585432075 | 27.027497953435464 |   0.2587363172217785 |  0.21644067994809824 | 3.0437478594514644 |  4.144973918399238 | 5.1125741060869915e+34 | 2.1202037818039177e+33 | 1.9515296060434416e+33 | 3.6570575217590335e+34 |       3 |   Vri |    LCO |
