57746.867 B 20.56   0.14
57746.868 V 20.41   0.15
57746.869 I 20.36   0.23
57747.482 B 19.98   0.09
57747.483 V 19.96   0.09
57747.485 I 20.06   0.18
57747.867 B 19.74   0.04
57747.869 V 19.64   0.05
57747.870 I 19.68   0.08
57748.479 B 19.50   0.07
57748.481 V 19.45   0.06
57748.482 I 19.34   0.10
57748.872 B 19.55   0.05
57748.874 V 19.43   0.05
57748.875 I 19.33   0.07
57749.454 I 19.29   0.10
57749.456 V 19.34   0.05
57749.457 B 19.48   0.06
57749.497 B 19.43   0.06
57749.499 V 19.23   0.05
57749.500 I 19.20   0.08
57749.865 B 19.53   0.11
57749.866 V 19.52   0.08
57749.867 I 19.28   0.08
57750.457 B 19.94   0.69
57750.458 V 19.60   0.59
57750.505 B 19.40   0.07
57750.507 V 19.23   0.06
57750.508 I 19.06   0.09
57750.865 B 19.47   0.04
57750.866 V 19.21   0.05
57750.867 I 19.15   0.07
57758.097 B 19.38   0.03
57758.098 V 19.11   0.03
57758.099 I 19.03   0.05
57758.143 B 19.37   0.05
57758.144 V 19.12   0.04
57758.146 I 18.97   0.05
57758.188 B 19.35   0.05
57758.189 V 19.14   0.04
57758.233 V 19.06   0.04
57758.235 I 18.91   0.07
57758.276 B 19.29   0.04
57758.278 V 19.07   0.04
57758.281 I 18.95   0.04
57758.326 V 19.13   0.03
57758.328 I 18.94   0.04
57759.096 B 19.34   0.04
57759.097 V 19.12   0.04
57759.099 I 18.95   0.05
57759.147 B 19.42   0.06
57759.148 V 19.13   0.05
57759.149 I 18.99   0.07
57759.192 B 19.39   0.09
57759.193 V 19.17   0.06
57759.194 I 18.98   0.07
57759.236 B 19.41   0.05
57759.239 I 19.09   0.89
57759.283 B 19.30   0.07
57759.293 V 19.18   0.04
57759.294 I 19.06   0.09
57759.340 B 19.37   0.03
57759.342 I 19.00   0.08
57760.092 B 19.47   0.04
57760.094 V 19.12   0.04
57760.096 I 18.96   0.05
57760.137 B 19.44   0.05
57760.138 V 19.17   0.04
57760.139 I 19.00   0.06
57760.179 B 19.44   0.06
57760.183 I 18.97   0.07
57760.224 B 19.42   0.06
57760.226 V 19.08   0.04
57760.273 B 19.39   0.06
57760.274 V 19.15   0.05
57760.276 I 18.91   0.07
57760.319 B 19.39   0.04
57760.320 V 19.10   0.03
57760.322 I 18.96   0.05
57761.090 B 19.44   0.06
57761.092 V 19.11   0.04
57761.136 B 19.43   0.05
57761.137 V 19.17   0.05
57761.139 I 18.97   0.05
57761.182 B 19.42   0.07
57761.183 V 19.15   0.05
57761.185 I 18.95   0.06
57761.225 B 19.45   0.05
57761.226 V 19.16   0.05
57761.228 I 18.86   0.09
57761.268 B 19.43   0.04
57761.269 V 19.06   0.04
57761.271 I 18.94   0.05
57761.312 B 19.42   0.03
57761.314 V 19.10   0.03
57761.315 I 18.94   0.04
57762.090 B 19.26   0.05
57762.092 V 19.04   0.05
57762.093 I 18.99   0.06
57762.140 B 19.50   0.06
57762.142 V 19.14   0.04
57762.143 I 18.95   0.06
57762.184 B 19.42   0.05
57762.185 V 19.13   0.05
57762.188 I 18.96   0.06
57762.231 B 19.41   0.05
57762.233 V 19.06   0.05
57762.234 I 18.92   0.05
57762.276 B 19.46   0.04
57762.278 V 19.12   0.04
57762.279 I 18.95   0.06
57762.322 B 19.42   0.04
57762.324 V 19.11   0.03
57762.325 I 18.96   0.05
57762.680 V 19.09   0.08
57762.681 I 18.91   0.08
57763.092 B 19.40   0.06
57763.093 V 19.14   0.05
57763.095 I 18.91   0.10
57763.137 B 19.41   0.08
57763.138 V 19.07   0.07
57763.140 I 19.02   0.10
57763.182 B 19.44   0.06
57763.183 V 19.14   0.07
57763.185 I 18.85   0.08
57763.232 B 19.43   0.06
57763.234 V 19.06   0.06
57763.280 B 19.50   0.05
57763.281 V 19.08   0.04
57763.283 I 18.85   0.05
57763.324 B 19.42   0.04
57763.326 V 19.11   0.04
57763.327 I 18.90   0.05
57764.094 B 19.41   0.07
57764.095 V 19.14   0.05
57764.097 I 18.91   0.05
57764.138 B 19.45   0.07
57764.140 V 19.07   0.06
57764.141 I 18.84   0.08
57764.185 B 19.46   0.07
57764.187 V 19.11   0.06
57764.189 I 18.85   0.09
57764.231 B 19.52   0.07
57764.234 I 18.88   0.05
57764.277 B 19.44   0.06
57764.278 V 19.12   0.05
57764.280 I 18.80   0.05
57764.321 B 19.47   0.07
57764.322 V 19.05   0.07
57764.324 I 18.89   0.06
57765.067 B 19.50   0.08
57765.068 V 19.10   0.06
57765.069 I 18.80   0.07
57765.113 B 19.51   0.07
57765.115 V 19.13   0.06
57765.116 I 18.89   0.06
57765.160 B 19.46   0.08
57765.161 V 19.12   0.07
57765.163 I 18.75   0.09
57765.206 B 19.65   0.10
57765.207 V 19.15   0.07
57765.208 I 18.83   0.07
57765.251 B 19.51   0.08
57765.252 V 18.97   0.07
57765.253 I 18.85   0.07
57765.296 B 19.38   0.12
57765.298 V 19.14   0.11
57765.299 I 18.92   0.08
57766.059 B 19.36   0.09
57766.060 V 19.11   0.06
57766.062 I 18.88   0.06
57766.109 B 19.46   0.09
57766.110 V 18.88   0.07
57766.112 I 18.82   0.07
57766.154 B 19.46   0.08
57766.156 V 19.07   0.07
57766.158 I 18.80   0.08
57766.201 V 19.06   0.07
57766.248 B 19.53   0.08
57766.249 V 19.16   0.07
57766.251 I 18.90   0.07
57766.294 B 19.53   0.11
57766.294 V 19.05   0.08
57766.297 I 18.90   0.07
57767.063 B 19.50   0.07
57767.065 V 19.15   0.05
57767.066 I 18.90   0.05
57767.110 B 19.31   0.13
57767.111 V 19.07   0.06
57767.113 I 18.84   0.09
57767.164 B 19.54   0.08
57767.165 V 19.07   0.06
57767.167 I 18.80   0.11
57767.210 B 19.53   0.08
57767.211 V 19.14   0.10
57767.256 B 19.59   0.10
57767.257 V 19.03   0.07
57767.258 I 18.76   0.06
57767.302 B 19.52   0.10
57767.303 V 18.93   0.06
57767.305 I 18.83   0.06
57768.060 B 19.59   0.06
57768.062 V 19.07   0.04
57768.064 I 18.84   0.06
57768.108 B 19.59   0.06
57768.110 V 19.09   0.05
57768.111 I 18.84   0.05
57768.454 B 19.63   0.07
57768.456 V 19.06   0.05
57768.458 I 18.75   0.06
57768.503 B 19.70   0.14
57768.504 V 19.21   0.08
57768.506 I 18.92   0.07
57768.811 B 19.66   0.06
57768.813 V 19.15   0.06
57768.815 I 18.76   0.07
57769.059 B 19.64   0.04
57769.060 V 19.14   0.03
57769.062 I 18.86   0.05
57769.106 B 19.58   0.08
57769.107 V 19.10   0.05
57769.108 I 18.84   0.06
57769.808 B 19.64   0.05
57769.809 V 19.11   0.04
57769.810 I 18.80   0.04
57769.855 B 19.62   0.08
57769.856 V 19.13   0.06
57769.858 I 18.75   0.08
57770.058 B 19.59   0.05
57770.059 V 19.10   0.03
57770.060 I 18.85   0.06
57770.103 B 19.60   0.05
57770.105 V 19.12   0.05
57770.106 I 18.83   0.06
57770.458 B 19.65   0.07
57770.459 V 19.00   0.04
57770.461 I 18.72   0.05
57770.505 B 19.60   0.06
57770.506 V 19.05   0.04
57770.508 I 18.76   0.05
57770.811 B 19.58   0.04
57770.813 V 19.08   0.03
57770.815 I 18.80   0.05
57770.858 B 19.70   0.04
57770.859 V 19.18   0.03
57770.860 I 18.78   0.04
57771.060 B 19.62   0.08
57771.062 V 19.14   0.05
57771.063 I 18.80   0.05
57771.108 B 19.66   0.08
57771.110 V 19.07   0.06
57771.112 I 18.82   0.09
57771.510 V 19.13   0.13
57771.512 I 18.79   0.06
57771.808 B 19.69   0.04
57771.810 V 19.09   0.03
57771.811 I 18.77   0.04
57771.855 V 19.12   0.03
57771.857 I 18.77   0.04
57772.082 B 19.70   0.06
57772.083 V 19.11   0.04
57772.085 I 18.79   0.06
57772.130 B 19.66   0.08
57772.131 V 19.11   0.05
57772.133 I 18.84   0.06
57772.460 B 19.81   0.08
57772.463 V 19.15   0.04
57772.464 I 18.79   0.05
57772.514 B 19.80   0.09
57772.515 V 19.10   0.05
57772.517 I 18.80   0.08
57772.794 B 19.71   0.06
57772.796 V 19.28   0.12
57772.797 I 18.72   0.09
57772.841 B 19.78   0.09
57772.843 V 19.09   0.05
57772.844 I 18.80   0.05
57773.062 B 19.71   0.09
57773.063 V 19.10   0.05
57773.065 I 18.81   0.09
57773.106 B 19.67   0.10
57773.107 V 19.12   0.06
57773.108 I 18.80   0.09
57773.785 B 19.80   0.12
57773.786 V 19.26   0.08
57773.788 I 18.81   0.07
57773.832 B 19.86   0.07
57773.834 V 19.07   0.05
57773.835 I 18.73   0.05
57774.060 B 19.76   0.07
57774.061 V 19.12   0.04
57774.062 I 18.82   0.05
57774.111 B 19.79   0.06
57774.113 V 19.14   0.04
57774.114 I 18.83   0.06
57774.450 B 19.76   0.07
57774.452 V 19.08   0.03
57774.453 I 18.74   0.05
57774.498 B 19.71   0.07
57774.499 V 19.13   0.04
57774.501 I 18.80   0.06
57774.801 B 19.81   0.04
57774.802 V 19.13   0.04
57774.803 I 18.81   0.05
57774.846 B 19.81   0.04
57774.849 I 18.73   0.04
57774.850 V 19.11   0.03
57774.894 B 19.85   0.05
57774.895 V 19.12   0.03
57774.897 B 19.81   0.04
57774.898 I 18.83   0.04
57775.058 B 19.80   0.04
57775.060 V 19.16   0.04
57775.061 I 18.84   0.05
57775.102 B 19.80   0.05
57775.103 V 19.15   0.03
57775.105 I 18.87   0.05
57775.448 B 19.78   0.06
57775.449 V 19.06   0.04
57775.451 I 18.74   0.05
57775.492 B 19.79   0.09
57775.494 V 19.06   0.05
57775.495 I 18.70   0.05
57776.066 B 19.80   0.05
57776.067 V 19.14   0.03
57776.069 I 18.77   0.05
57776.113 B 19.91   0.10
57776.115 V 18.52   0.39
57776.459 B 19.81   0.07
57776.460 V 19.17   0.04
57776.506 B 19.89   0.06
57776.508 V 19.11   0.04
57776.509 I 18.71   0.05
57777.863 B 19.91   0.07
57777.865 V 19.23   0.05
57777.866 I 18.75   0.04
57778.061 B 19.86   0.04
57778.062 V 19.11   0.03
57778.065 I 18.81   0.05
57778.109 B 19.85   0.04
57778.110 V 19.16   0.03
57778.112 I 18.84   0.05
57778.824 B 19.89   0.05
57778.826 V 19.14   0.04
57778.827 I 18.82   0.04
57778.872 B 19.96   0.07
57778.874 V 19.18   0.04
57778.876 I 18.71   0.05
57779.059 B 19.91   0.04
57779.060 V 19.18   0.03
57779.062 I 18.80   0.04
57779.106 B 19.83   0.05
57779.107 V 19.15   0.03
57779.108 I 18.76   0.04
57780.058 B 19.93   0.05
57780.060 V 19.15   0.04
57780.061 I 18.77   0.05
57780.104 B 19.99   0.07
57780.106 V 19.18   0.04
57780.107 I 18.83   0.05
57782.808 B 20.06   0.05
57782.810 V 19.16   0.03
57782.811 I 18.76   0.04
57782.855 B 19.98   0.05
57782.856 V 19.19   0.03
57782.858 I 18.76   0.04
57783.462 B 20.02   0.07
57783.463 V 19.15   0.04
57783.465 I 18.76   0.05
57783.513 B 19.98   0.07
57783.515 V 19.25   0.04
57783.517 I 18.76   0.04
57783.803 B 20.10   0.06
57783.805 V 19.20   0.04
57783.807 I 18.70   0.04
57783.853 B 20.05   0.05
57783.854 V 19.19   0.03
57783.856 I 18.76   0.04
57784.465 B 20.05   0.16
57784.466 V 19.13   0.07
57784.467 I 18.46   0.12
57784.808 B 20.06   0.07
57784.810 V 19.20   0.04
57784.811 I 18.76   0.05
57784.854 B 19.99   0.06
57784.856 V 19.21   0.04
57784.857 I 18.76   0.04
57785.803 B 20.10   0.06
57785.805 V 19.27   0.04
57785.806 I 18.81   0.04
57785.849 B 20.08   0.05
57785.851 V 19.20   0.03
57785.852 I 18.78   0.04
57786.118 B 20.04   0.11
57786.119 V 19.19   0.06
57786.121 I 18.79   0.07
57786.515 B 20.11   0.09
57786.517 V 19.18   0.04
57786.519 I 18.67   0.06
57786.803 B 20.32   0.11
57786.805 V 19.21   0.06
57786.806 I 18.69   0.06
57786.850 B 20.20   0.27
57786.851 V 19.26   0.20
57786.853 I 18.76   0.06
57787.060 B 20.11   0.10
57787.062 V 19.18   0.04
57787.064 I 18.76   0.06
57787.803 V 19.15   0.04
57787.805 I 18.72   0.04
57788.803 B 20.16   0.10
57788.805 V 19.29   0.06
57788.807 I 18.79   0.05
57789.056 B 20.04   0.08
57789.057 V 19.22   0.05
57789.058 I 18.77   0.04
57789.801 B 20.08   0.09
57789.802 V 19.20   0.05
57789.803 I 18.79   0.04
57789.844 B 20.10   0.13
57789.846 V 19.31   0.08
57789.848 I 18.75   0.06
57790.056 B 20.11   0.10
57790.058 V 19.21   0.06
57790.059 I 18.81   0.05
57790.097 B 20.15   0.11
57790.098 V 19.19   0.05
57790.099 I 18.78   0.05
57790.801 B 20.07   0.09
57790.802 V 19.15   0.06
57790.803 I 18.77   0.04
57790.844 B 20.15   0.11
57790.846 V 19.21   0.05
57790.847 I 18.77   0.05
57791.065 B 20.11   0.11
57791.067 V 19.31   0.07
57791.068 I 18.82   0.06
57791.109 V 19.21   0.06
57791.110 I 18.77   0.05
57791.803 B 20.20   0.13
57791.804 V 19.18   0.06
57791.806 I 18.74   0.05
57791.849 B 20.18   0.13
57791.850 V 19.27   0.07
57791.851 I 18.77   0.06
57792.053 B 19.99   0.14
57792.053 V 19.24   0.07
57792.055 I 18.82   0.06
57792.057 I 18.80   0.05
57792.099 B 20.07   0.11
57792.101 V 19.22   0.06
57792.103 I 18.73   0.05
57792.803 B 20.20   0.13
57792.804 V 19.22   0.08
57792.806 I 18.78   0.06
57792.853 B 20.17   0.15
57792.856 I 18.80   0.05
57793.460 V 19.22   0.06
57793.461 I 18.71   0.05
57793.574 B 20.12   0.14
57793.575 V 19.14   0.06
57793.577 I 18.72   0.06
57793.804 B 20.28   0.16
57793.806 V 19.20   0.07
57793.807 I 18.77   0.05
57793.850 B 20.29   0.18
57793.851 V 19.24   0.08
57793.853 I 18.80   0.05
57795.056 B 20.19   0.14
57795.057 V 19.23   0.07
57795.058 I 18.78   0.07
57795.101 B 20.15   0.14
57795.103 V 19.22   0.07
57795.104 I 18.75   0.05
57795.524 B 20.36   0.24
57795.525 V 19.34   0.11
57795.526 I 18.80   0.07
57795.570 B 20.36   0.31
57795.574 I 18.68   0.10
57796.049 B 20.26   0.12
57796.050 V 19.21   0.07
57796.051 I 18.79   0.08
57796.095 B 20.15   0.15
57796.097 V 19.12   0.06
57796.098 I 18.74   0.06
57796.149 I 18.68   0.08
57796.499 V 19.22   0.20
57796.500 I 18.65   0.13
57796.543 V 19.17   0.19
57797.049 B 20.15   0.15
57797.051 V 19.17   0.07
57797.052 I 18.74   0.06
57797.096 B 20.20   0.15
57797.097 V 19.16   0.05
57797.099 I 18.73   0.05
57797.141 B 20.16   0.10
57797.142 V 19.22   0.05
57797.144 I 18.71   0.05
57797.188 B 20.34   0.13
57797.189 V 19.21   0.06
57797.190 I 18.68   0.06
57798.058 B 20.24   0.13
57798.059 V 19.24   0.05
57798.060 I 18.74   0.07
57798.104 B 20.09   0.13
57798.106 V 19.21   0.06
57798.108 I 18.75   0.05
57798.157 V 19.27   0.05
57798.158 I 18.75   0.04
57799.051 B 20.28   0.11
57799.052 V 19.29   0.07
57799.053 I 18.80   0.06
57799.099 B 20.20   0.12
57799.100 V 19.26   0.05
57799.101 I 18.74   0.05
57799.145 B 20.16   0.10
57799.147 V 19.21   0.04
57799.148 I 18.74   0.04
57800.044 V 19.34   0.05
57800.046 I 18.77   0.05
57800.088 B 20.24   0.05
57800.089 V 19.25   0.04
57800.090 I 18.81   0.04
57800.142 B 20.25   0.08
57800.143 V 19.27   0.04
57800.145 I 18.74   0.04
57800.190 B 20.26   0.09
57800.192 V 19.26   0.05
57800.193 I 18.72   0.04
57801.046 B 20.25   0.06
57801.047 V 19.25   0.04
57801.049 I 18.83   0.05
57801.092 B 20.29   0.09
57801.094 V 19.27   0.04
57801.095 I 18.70   0.05
57801.142 B 20.26   0.12
57801.146 V 19.26   0.04
57801.147 I 18.65   0.05
57801.191 B 20.23   0.08
57801.192 V 19.25   0.04
57801.194 I 18.71   0.04
57802.048 B 20.33   0.06
57802.049 V 19.28   0.04
57802.051 I 18.84   0.05
57802.093 B 20.29   0.06
57802.097 V 19.29   0.04
57802.099 I 18.81   0.05
57802.142 B 20.27   0.09
57802.144 V 19.20   0.04
57802.145 I 18.73   0.04
57802.190 B 20.32   0.08
57802.192 V 19.27   0.04
57802.194 I 18.72   0.04
57802.447 B 20.51   0.13
57802.449 V 19.26   0.06
57802.450 I 18.76   0.06
57802.492 B 20.51   0.16
57802.493 V 19.30   0.05
57802.494 I 18.80   0.06
57802.535 B 20.65   0.27
57802.542 I 18.79   0.08
57802.592 B 20.66   0.45
57802.593 V 19.10   0.12
57802.594 I 18.54   0.11
57803.045 B 20.35   0.10
57803.047 V 19.25   0.04
57803.100 V 19.27   0.04
57803.101 I 18.72   0.06
57803.143 B 20.30   0.08
57803.144 V 19.31   0.04
57803.146 I 18.73   0.04
57803.190 B 20.27   0.07
57803.192 V 19.31   0.04
57803.194 I 18.72   0.03
57803.444 I 18.82   0.06
57803.490 V 19.35   0.06
57803.491 I 18.74   0.05
57803.535 V 19.29   0.05
57803.537 I 18.84   0.06
57803.585 V 19.34   0.06
57803.587 I 18.88   0.08
57804.044 B 20.31   0.16
57804.046 V 19.28   0.05
57804.047 I 18.77   0.06
57804.090 B 20.36   0.08
57804.091 V 19.30   0.04
57804.092 I 18.72   0.04
57804.140 V 19.23   0.04
57804.141 I 18.59   0.05
57804.184 B 20.26   0.08
57804.186 V 19.12   0.04
57804.188 I 18.70   0.05
57804.425 B 20.28   0.09
57804.426 V 19.29   0.04
57804.428 I 18.80   0.06
57804.469 B 20.54   0.10
57804.471 V 19.36   0.05
57804.472 I 18.74   0.06
57804.516 V 19.33   0.05
57804.517 I 18.82   0.06
57804.560 V 19.31   0.04
57804.562 B 20.35   0.09
57804.564 I 18.81   0.06
57805.048 V 19.29   0.05
57805.049 I 18.75   0.04
57805.098 B 20.22   0.14
57805.099 V 19.23   0.06
57805.144 B 20.30   0.08
57805.145 V 19.25   0.04
57805.192 B 20.16   0.09
57805.193 V 19.16   0.05
57805.441 B 20.23   0.12
57805.442 V 19.23   0.04
57805.444 I 18.74   0.05
57805.486 B 20.34   0.10
57805.488 V 19.27   0.04
57805.489 I 18.75   0.04
57805.533 B 20.23   0.06
57805.533 V 19.29   0.03
57805.535 I 18.75   0.04
57805.579 B 20.37   0.07
57805.581 V 19.29   0.03
57807.042 B 20.43   0.07
57807.043 V 19.36   0.05
57807.044 I 18.77   0.05
57807.094 B 20.38   0.06
57807.096 V 19.32   0.04
57807.097 I 18.76   0.04
57807.147 B 20.25   0.07
57807.148 V 19.26   0.04
57807.149 I 18.72   0.04
57807.504 B 20.38   0.07
57807.506 V 19.32   0.04
57807.508 I 18.74   0.05
57807.551 B 20.32   0.08
57807.553 V 19.27   0.03
57807.555 I 18.75   0.04
57807.817 B 20.53   0.30
57807.819 V 19.28   0.09
57807.820 I 18.65   0.09
57807.867 B 20.36   0.07
57807.868 V 19.32   0.04
57807.870 I 18.73   0.03
57807.918 B 20.40   0.08
57807.919 V 19.32   0.04
57807.921 I 18.80   0.04
57811.439 B 20.43   0.08
57811.440 V 19.37   0.04
57811.442 I 18.71   0.04
57811.487 B 20.56   0.10
57811.488 V 19.37   0.04
57811.490 I 18.89   0.06
57811.537 V 19.35   0.05
57811.538 I 18.77   0.05
57811.788 B 20.39   0.08
57811.790 V 19.32   0.04
57811.792 I 18.80   0.05
57811.835 B 20.40   0.08
57811.837 V 19.31   0.04
57811.838 I 18.74   0.04
57811.882 B 20.41   0.08
57811.884 V 19.33   0.04
57811.885 I 18.80   0.04
57813.044 B 20.52   0.07
57813.046 V 19.35   0.04
57813.047 I 18.81   0.05
57813.049 I 18.78   0.04
57813.098 B 20.38   0.07
57813.099 V 19.32   0.04
57813.101 I 18.74   0.04
57813.149 B 20.32   0.06
57813.151 V 19.26   0.04
57813.153 I 18.78   0.04
57813.524 B 20.34   0.08
57813.526 V 19.35   0.04
57813.528 I 18.81   0.05
57813.783 B 20.40   0.10
57813.785 V 19.35   0.05
57813.786 I 18.74   0.04
57813.828 B 20.45   0.08
57813.829 V 19.31   0.03
57813.831 I 18.78   0.04
57813.874 B 20.44   0.12
57813.875 V 19.38   0.07
57813.919 B 20.43   0.11
57813.920 V 19.38   0.06
57813.922 I 19.04   0.12
57815.042 B 20.47   0.16
57815.044 V 19.36   0.06
57815.045 I 18.78   0.04
57815.094 V 19.36   0.04
57815.095 I 18.66   0.05
57815.138 B 20.46   0.08
57815.140 V 19.34   0.04
57815.142 I 18.75   0.05
57815.489 B 20.44   0.16
57815.490 V 19.39   0.08
57815.492 I 18.74   0.08
57815.542 B 20.33   0.13
57815.544 V 19.32   0.06
57815.545 I 18.79   0.07
57815.789 V 19.37   0.05
57815.790 I 18.78   0.04
57815.835 B 20.38   0.08
57815.837 V 19.33   0.04
57815.838 I 18.79   0.03
57815.887 B 20.50   0.08
57815.889 V 19.35   0.04
57815.890 I 18.73   0.04
57817.040 B 20.53   0.11
57817.042 V 19.33   0.05
57817.043 I 18.78   0.06
57817.083 B 20.42   0.14
57817.084 V 19.30   0.05
57817.085 I 18.72   0.05
57817.133 B 20.36   0.17
57817.134 V 19.22   0.07
57817.136 I 18.76   0.10
57817.427 B 20.49   0.12
57817.429 V 19.29   0.04
57817.431 I 18.78   0.04
57817.474 B 20.52   0.11
57817.475 V 19.38   0.04
57817.477 I 18.82   0.05
57817.530 V 19.33   0.04
57817.532 I 18.78   0.04
57817.783 B 20.50   0.12
57817.784 V 19.40   0.05
57817.785 I 18.81   0.04
57817.831 B 20.59   0.11
57817.832 V 19.39   0.05
57817.833 I 18.78   0.04
57817.878 B 20.44   0.09
57817.880 V 19.44   0.05
57817.881 I 18.82   0.05
57819.039 B 20.53   0.19
57819.040 V 19.33   0.07
57819.086 B 20.50   0.13
57819.088 V 19.40   0.06
57819.090 I 18.78   0.04
57819.133 B 20.48   0.14
57819.135 V 19.29   0.07
57819.136 I 18.52   0.07
57819.433 B 20.39   0.14
57819.434 V 19.38   0.07
57819.481 V 19.50   0.09
57819.482 I 18.77   0.07
57819.526 B 21.17   1.71
57819.527 V 18.86   0.45
57819.528 I 17.57   0.40
57819.787 B 20.74   0.16
57819.788 V 19.42   0.07
57819.790 I 18.80   0.04
57819.831 B 20.60   0.16
57819.833 V 19.42   0.07
57819.835 I 18.82   0.04
57819.877 B 20.44   0.15
57819.879 V 19.38   0.08
57819.881 I 18.83   0.05
57821.040 B 20.54   0.17
57821.041 V 19.31   0.06
57821.042 I 18.70   0.06
57821.095 I 18.60   0.12
57821.148 B 20.48   0.17
57821.151 V 19.32   0.08
57821.152 I 18.72   0.06
57821.413 B 20.60   0.19
57821.415 V 19.35   0.07
57821.416 I 18.84   0.05
57821.460 V 19.35   0.08
57821.463 I 18.88   0.07
57821.512 B 20.81   0.36
57821.513 V 19.42   0.11
57821.515 I 18.84   0.08
57821.516 V 19.45   0.11
57821.517 I 18.83   0.07
57821.519 V 19.48   0.10
57821.520 I 18.79   0.07
57821.522 V 19.51   0.11
57821.774 B 20.36   0.13
57821.776 V 19.47   0.07
57821.778 I 18.77   0.04
57821.823 V 19.37   0.10
57821.867 B 20.63   0.30
57821.869 V 19.48   0.12
57821.870 I 18.73   0.07
57823.040 B 20.73   0.20
57823.042 V 19.36   0.07
57823.043 I 18.81   0.06
57823.097 V 19.36   0.06
57823.099 I 18.81   0.05
57823.419 B 20.61   0.21
57823.420 V 19.38   0.07
57823.422 I 18.81   0.05
57823.467 B 20.61   0.23
57823.469 V 19.45   0.08
57823.470 I 18.80   0.06
57823.516 B 20.47   0.21
57823.517 V 19.34   0.08
57823.519 I 18.77   0.06
57823.776 B 20.45   0.19
57823.778 V 19.44   0.09
57823.779 I 18.77   0.05
57823.822 B 20.64   0.24
57823.823 V 19.35   0.09
57823.824 I 18.85   0.06
57823.873 I 18.84   0.06
57825.774 B 20.48   0.16
57825.775 V 19.47   0.08
57825.776 I 18.72   0.06
57825.822 B 20.55   0.28
57825.823 V 19.58   0.14
57825.824 I 18.75   0.07
57827.027 B 20.61   0.09
57827.029 V 19.49   0.05
57827.031 I 18.88   0.05
57827.080 B 20.60   0.15
57827.081 I 18.78   0.05
57827.126 B 20.65   0.18
57827.128 V 19.35   0.06
57827.130 I 18.85   0.05
57827.411 B 20.63   0.15
57827.415 V 19.46   0.06
57827.416 I 18.82   0.20
57827.460 B 20.75   0.16
57827.462 V 19.42   0.11
57827.463 I 18.70   0.18
57827.767 B 20.66   0.08
57827.769 V 19.48   0.04
57827.771 I 18.85   0.04
57827.816 B 20.63   0.15
57827.817 V 19.48   0.07
57827.819 I 18.85   0.04
57827.863 B 20.70   0.21
57827.866 I 18.86   0.05
57829.079 B 20.67   0.12
57829.081 V 19.47   0.05
57829.083 I 18.85   0.04
57829.399 B 20.66   0.10
57829.400 V 19.54   0.05
57829.401 I 18.83   0.06
57829.765 B 20.77   0.17
57829.766 V 19.53   0.05
57829.767 I 18.89   0.05
57829.810 B 20.71   0.12
57829.812 V 19.45   0.04
57829.814 I 18.85   0.04
57829.860 B 20.60   0.13
57829.861 V 19.49   0.06
57829.863 I 18.87   0.04
57830.017 B 20.76   0.21
57830.018 V 19.45   0.07
57830.020 I 18.84   0.05
57830.062 B 20.65   0.19
57830.062 V 19.49   0.07
57830.065 I 18.68   0.06
57830.106 B 20.63   0.14
57830.107 V 19.48   0.05
57830.108 I 18.88   0.05
57830.763 B 20.83   0.14
57830.765 V 19.50   0.06
57830.766 I 18.86   0.06
57830.813 V 19.46   0.06
57830.860 V 19.75   0.11
57830.861 I 18.87   0.09
57831.024 B 20.71   0.10
57831.025 V 19.51   0.05
57831.026 I 18.90   0.05
57831.070 V 19.51   0.05
57831.072 I 18.87   0.05
57831.116 B 20.64   0.09
57831.118 V 19.44   0.04
57831.119 I 18.89   0.04
57831.762 B 20.79   0.12
57831.764 V 19.59   0.06
57831.766 I 18.87   0.05
57831.808 B 20.81   0.12
57831.810 V 19.57   0.06
57831.811 I 18.93   0.05
57831.853 B 20.81   0.14
57831.855 V 19.53   0.07
57831.856 I 19.01   0.07
57832.024 B 20.66   0.10
57832.026 V 19.52   0.05
57832.028 I 18.92   0.05
57832.068 B 20.83   0.12
57832.070 V 19.50   0.05
57832.072 I 18.87   0.04
57832.108 B 20.65   0.08
57832.110 V 19.43   0.04
57832.111 I 18.86   0.05
57833.028 B 20.74   0.09
57833.028 V 19.48   0.04
57833.031 I 18.90   0.05
57833.076 B 20.73   0.09
57833.077 V 19.49   0.04
57833.078 I 18.92   0.05
57833.126 I 18.91   0.05
57839.031 B 20.93   0.16
57839.033 V 19.63   0.06
57839.035 I 19.01   0.06
57839.085 B 20.98   0.13
57839.088 V 19.64   0.05
57839.090 I 18.95   0.06
57839.390 B 20.85   0.30
57839.392 V 19.55   0.06
57839.393 I 18.91   0.06
57839.435 B 20.88   0.12
57839.437 V 19.63   0.04
57839.438 I 18.95   0.05
57839.482 B 20.97   0.11
57839.483 V 19.67   0.04
57839.485 I 18.97   0.05
57839.760 B 20.92   0.15
57839.762 I 19.03   0.05
57839.806 B 21.13   0.16
57839.807 V 19.69   0.05
57839.808 I 19.03   0.04
57839.853 B 21.00   0.13
57839.854 V 19.68   0.05
57839.856 I 19.04   0.04
57840.034 B 20.78   0.16
57840.036 V 19.58   0.06
57840.037 I 18.96   0.07
57840.093 B 20.91   0.10
57840.096 V 19.59   0.04
57840.098 I 18.94   0.05
57840.776 B 20.94   0.14
57840.777 V 19.67   0.06
57840.778 I 18.98   0.06
57840.819 B 21.11   0.17
57840.820 V 19.84   0.07
57840.822 I 19.02   0.06
57840.864 B 20.92   0.15
57840.865 V 19.71   0.07
57840.867 I 18.98   0.06
57841.032 B 20.95   0.10
57841.033 V 19.77   0.06
57841.035 I 18.99   0.06
57841.085 B 20.84   0.10
57841.086 V 19.73   0.06
57841.088 I 18.99   0.06
57841.392 B 20.25   0.43
57841.394 V 19.60   0.28
57841.438 B 20.96   0.44
57841.442 I 16.65   0.71
57841.760 B 20.95   0.12
57841.761 V 19.71   0.06
57841.762 I 19.04   0.05
57841.803 B 21.09   0.15
57841.805 V 19.68   0.07
57841.806 I 19.10   0.06
57841.851 B 20.94   0.19
57841.853 V 19.65   0.06
57841.855 I 19.04   0.05
57842.017 B 20.97   0.12
57842.020 I 19.06   0.08
57842.067 B 20.82   0.12
57842.068 V 19.78   0.06
57842.069 I 19.03   0.06
57842.113 V 19.79   0.07
57842.114 I 18.98   0.06
57842.404 B 21.40   0.58
57842.407 V 19.87   0.18
57842.408 I 19.01   0.12
57842.458 I 19.00   0.16
57842.758 B 21.09   0.13
57842.760 V 19.79   0.05
57842.762 I 19.03   0.05
57842.803 B 21.05   0.13
57842.804 V 19.73   0.06
57842.806 I 19.02   0.05
57842.850 B 21.35   0.19
57842.851 V 19.88   0.06
57842.853 I 19.07   0.06
57843.013 B 21.03   0.11
57843.016 I 19.06   0.06
57843.061 B 21.06   0.16
57843.062 V 19.72   0.05
57843.064 I 19.08   0.06
57843.106 B 20.85   0.13
57843.108 V 19.72   0.06
57843.109 I 19.06   0.06
57843.404 B 21.00   0.18
57843.406 V 19.80   0.08
57843.407 I 19.04   0.08
57843.453 B 20.83   0.48
57843.454 V 19.50   0.52
57843.456 I 19.12   0.35
57843.500 B 20.99   0.27
57843.501 V 19.58   0.11
57843.755 B 21.18   0.21
57843.756 V 19.73   0.06
57843.758 I 19.06   0.05
57843.801 B 21.21   0.13
57843.801 V 19.74   0.05
57843.803 I 19.09   0.04
57843.844 B 21.19   0.14
57843.846 V 19.72   0.05
57843.847 I 19.00   0.04
57845.016 B 21.28   0.18
57845.017 V 19.76   0.06
57845.064 B 21.20   0.22
57845.065 V 19.79   0.06
57845.067 I 19.05   0.06
57845.448 B 21.29   0.36
57845.449 V 19.91   0.13
57845.451 I 19.08   0.10
57845.494 B 21.31   0.35
57845.761 V 19.83   0.07
57845.763 B 21.17   0.18
57845.765 V 19.90   0.07
57845.766 I 19.14   0.07
57845.808 B 21.24   0.19
57845.810 I 19.15   0.06
57845.812 V 19.75   0.07
57845.852 B 21.06   0.16
57845.854 V 19.89   0.07
57845.856 I 19.19   0.05
57847.013 V 19.90   0.13
57847.015 I 19.21   0.22
57847.052 B 21.29   0.24
57847.053 V 19.82   0.08
57847.055 I 19.18   0.06
57847.419 V 20.02   0.16
57847.420 I 19.12   0.10
57847.463 B 21.03   0.36
57847.762 B 21.35   0.48
57847.764 V 19.92   0.18
57847.765 I 19.08   0.10
57847.812 V 19.87   0.11
57847.814 I 19.17   0.08
57849.012 V 19.94   0.08
57849.014 I 19.23   0.08
57849.058 V 19.92   0.08
57849.060 I 19.21   0.06
57849.749 V 19.28   0.88
57849.751 I 19.00   0.46
57851.017 B 22.00   0.88
57851.019 V 19.91   0.17
57851.021 I 19.33   0.12
57851.078 B 21.02   0.37
57851.080 V 20.26   0.24
57851.082 I 19.26   0.09
57853.022 B 21.43   0.70
57853.024 V 20.69   0.37
57853.025 I 19.46   0.14
57853.077 B 20.82   0.42
57853.078 V 20.09   0.26
57853.080 I 19.38   0.14
57853.745 V 20.34   0.20
57853.747 I 19.46   0.09
57853.794 I 19.36   0.08
57855.017 B 22.79   1.43
57855.019 V 20.24   0.17
57855.022 I 19.50   0.09
57855.430 B 20.83   0.52
57855.433 I 19.47   0.18
57855.752 V 20.40   0.16
57855.753 I 19.54   0.08
57855.795 B 19.75   0.40
57855.798 I 19.43   0.57
57857.394 B 22.42   0.43
57857.396 V 20.65   0.11
57857.397 I 19.71   0.09
57858.011 B 22.50   0.53
57858.012 V 20.71   0.11
57858.014 I 19.76   0.09
57858.058 I 19.68   0.10
57858.399 B 22.50   0.88
57858.402 V 20.86   0.17
57858.403 I 19.92   0.17
57858.742 V 20.87   0.19
57858.743 I 19.95   0.14
57858.785 V 20.64   0.18
57858.787 I 19.72   0.12
57859.377 B 19.37   0.60
57859.378 V 18.80   0.56
57859.380 I 19.96   2.09
57859.427 I 20.01   0.22
57859.742 B 22.35   0.46
57859.744 V 21.04   0.21
57859.745 I 19.85   0.12
57859.790 B 22.83   0.78
57859.791 V 21.16   0.21
57859.792 I 19.95   0.12
57860.377 V 21.00   0.41
57860.431 V 20.93   0.23
57860.758 I 19.95   0.14
57860.802 V 21.23   0.26
57860.803 I 20.09   0.14
57861.398 B 22.40   1.07
57861.399 V 20.93   0.45
57861.401 I 20.26   0.33
57861.762 B 22.34   0.45
57861.764 V 21.25   0.25
57861.765 I 20.05   0.13
57861.810 I 20.11   0.17
57862.403 V 21.40   0.32
57862.405 I 20.26   0.23
57862.753 B 22.86   0.69
57862.754 V 21.55   0.30
57862.756 I 20.32   0.16
57862.797 B 23.09   0.89
57862.798 V 21.29   0.26
57862.799 I 20.26   0.14
57863.007 V 21.47   0.24
57863.009 I 20.31   0.18
57863.372 B 22.69   0.86
57863.373 V 21.30   0.25
57863.374 I 20.23   0.16
57863.416 B 23.06   0.94
57863.417 V 21.15   0.57
57863.419 I 20.45   0.33
57863.739 B 22.81   0.71
57863.740 V 21.35   0.27
57863.742 I 20.42   0.21
57863.785 V 21.25   0.21
57863.787 I 20.29   0.18
57864.006 B 22.58   0.58
57864.008 V 21.31   0.25
57864.009 I 20.21   0.19
57864.739 B 22.77   0.66
57864.740 V 21.36   0.27
57864.742 I 20.45   0.18
57864.785 B 22.32   0.41
57864.786 V 21.44   0.27
57864.787 I 20.38   0.18
57865.012 B 22.39   0.62
57865.015 I 20.48   0.27
57865.736 B 22.50   0.56
57865.738 V 21.48   0.28
57865.739 I 20.45   0.20
57865.779 B 23.11   0.87
57865.781 V 21.52   0.27
57865.783 I 20.39   0.20
57866.001 B 22.80   0.93
57866.003 V 21.51   0.34
57866.004 I 20.19   0.17
57866.735 V 21.41   0.27
57866.738 I 20.59   0.24
57866.778 V 22.00   0.54
57867.010 B 22.55   0.48
57867.014 I 20.35   0.17
57867.745 V 21.31   0.25
57867.747 I 20.54   0.21
57867.790 V 21.42   0.35
57867.791 I 20.69   0.26
57868.008 V 20.65   1.69
57868.752 V 21.93   0.47
57868.754 I 20.47   0.19
57869.017 V 21.23   0.20
57869.019 I 20.28   0.30
57870.004 B 23.14   0.99
57870.006 V 21.50   0.30
57870.007 I 20.32   0.19
57870.731 B 22.71   0.62
57870.733 V 21.50   0.24
57870.734 I 20.36   0.17
57870.783 I 20.27   0.20
57871.003 B 22.65   0.60
57871.005 V 21.58   0.27
57871.006 I 20.44   0.21
57871.731 B 22.93   0.84
57871.733 V 21.68   0.34
57871.734 I 19.89   0.41
57871.780 V 21.50   0.27
57871.781 I 20.50   0.18
57872.006 B 22.66   0.75
57872.007 V 21.64   0.35
57872.737 B 22.60   2.66
57873.010 V 21.44   0.45
57873.012 I 20.44   0.28
57873.393 V 21.84   0.57
57873.394 I 20.57   0.38
57873.741 I 20.52   0.23
57874.000 B 22.51   0.58
57874.001 V 21.38   0.29
57874.003 I 20.64   0.29
57875.008 B 21.19   0.92
57875.010 I 20.15   0.56
57875.389 I 20.04   0.37
57876.000 B 22.02   0.44
57876.003 I 20.71   0.32
57876.375 V 20.45   0.80
57876.734 I 20.72   0.29
57877.001 B 22.53   0.88
57877.003 V 22.06   0.75
57877.005 I 20.57   0.26
57877.729 I 20.63   0.22
57878.002 V 22.02   0.81
57878.003 I 20.77   0.53
57878.992 B 22.39   0.93
57878.996 I 20.59   0.30
57879.730 I 20.64   0.27
57881.726 B 22.48   1.07
57881.728 V 21.47   0.52
57881.729 I 20.53   0.23
57882.002 V 21.45   0.59
57882.003 I 20.49   0.31
57883.003 I 20.21   0.27
57883.725 B 21.08   0.41
57883.726 V 21.94   1.09
57883.728 I 20.46   0.23
57885.731 I 20.22   0.26
57886.730 I 20.96   0.53
57887.724 I 20.67   0.29
57890.726 B 23.44   1.35
57890.728 V 21.86   0.44