   1.0000000e+00   1.3030000e+01   1.3870000e+01   1.3870000e+01   1.3670000e+01   1.3650000e+01
   2.0000000e+00   1.3000000e+01   1.3800000e+01   1.3800000e+01   1.3620000e+01   1.3580000e+01
   3.0000000e+00   1.3030000e+01   1.3800000e+01   1.3790000e+01   1.3600000e+01   1.3560000e+01
   4.0000000e+00   1.3110000e+01   1.3820000e+01   1.3790000e+01   1.3590000e+01   1.3560000e+01
   5.0000000e+00   1.3160000e+01   1.3850000e+01   1.3790000e+01   1.3570000e+01   1.3540000e+01
   7.0000000e+00   1.3290000e+01   1.3920000e+01   1.3840000e+01   1.3590000e+01   1.3530000e+01
   8.0000000e+00   1.3340000e+01   1.3950000e+01   1.3840000e+01   1.3580000e+01   1.3500000e+01
   9.0000000e+00   1.3410000e+01   1.3990000e+01   1.3860000e+01   1.3580000e+01   1.3510000e+01
   1.1000000e+01   9.9000000e+01   1.4020000e+01   1.3840000e+01   1.3540000e+01   1.3480000e+01
   1.2000000e+01   9.9000000e+01   1.4070000e+01   1.3830000e+01   9.9000000e+01   9.9000000e+01
   1.3000000e+01   1.3900000e+01   1.4090000e+01   1.3800000e+01   1.3530000e+01   1.3440000e+01
   1.4000000e+01   1.4020000e+01   1.4150000e+01   1.3810000e+01   1.3520000e+01   1.3430000e+01
   1.5000000e+01   1.4180000e+01   1.4200000e+01   1.3810000e+01   1.3530000e+01   1.3420000e+01
   1.6000000e+01   1.4370000e+01   1.4250000e+01   1.3810000e+01   1.3560000e+01   1.3440000e+01
   1.8000000e+01   1.4560000e+01   1.4340000e+01   1.3850000e+01   1.3560000e+01   1.3440000e+01
   2.1000000e+01   1.4970000e+01   1.4470000e+01   1.3860000e+01   1.3560000e+01   1.3400000e+01
   2.8000000e+01   1.5460000e+01   1.4730000e+01   1.3910000e+01   1.3570000e+01   1.3350000e+01
   3.0000000e+01   1.5560000e+01   1.4790000e+01   1.3940000e+01   1.3590000e+01   1.3350000e+01
   3.4000000e+01   1.5770000e+01   1.4870000e+01   1.3930000e+01   1.3560000e+01   1.3310000e+01
   3.6000000e+01   1.5810000e+01   9.9000000e+01   1.3900000e+01   1.3540000e+01   1.3290000e+01
   3.8000000e+01   1.5960000e+01   1.4940000e+01   1.3930000e+01   1.3550000e+01   1.3290000e+01
   3.9900000e+01   1.6020000e+01   1.4970000e+01   1.3930000e+01   1.3540000e+01   1.3280000e+01
   4.2900000e+01   1.6210000e+01   1.4980000e+01   1.3910000e+01   1.3510000e+01   1.3220000e+01
   4.5900000e+01   1.6310000e+01   1.5040000e+01   1.3930000e+01   1.3500000e+01   1.3230000e+01
   4.6900000e+01   1.6340000e+01   1.5050000e+01   1.3930000e+01   1.3520000e+01   1.3220000e+01
   4.9900000e+01   1.6450000e+01   1.5090000e+01   1.3940000e+01   1.3500000e+01   1.3210000e+01
   6.0900000e+01   1.6960000e+01   1.5270000e+01   1.3990000e+01   1.3500000e+01   1.3190000e+01
   6.5900000e+01   1.6960000e+01   1.5320000e+01   1.4020000e+01   1.3510000e+01   1.3170000e+01
   7.0800000e+01   1.7010000e+01   1.5380000e+01   1.4030000e+01   1.3500000e+01   1.3220000e+01
   7.5800000e+01   1.7260000e+01   1.5400000e+01   1.4040000e+01   1.3510000e+01   1.3220000e+01
   7.6800000e+01   1.7330000e+01   9.9000000e+01   9.9000000e+01   9.9000000e+01   9.9000000e+01
   7.7800000e+01   9.9000000e+01   1.5520000e+01   1.4070000e+01   9.9000000e+01   1.3230000e+01
   8.9800000e+01   9.9000000e+01   1.5630000e+01   1.4170000e+01   1.3600000e+01   1.3310000e+01
   9.5800000e+01   9.9000000e+01   1.5740000e+01   1.4270000e+01   1.3690000e+01   1.3380000e+01
   1.0080000e+02   9.9000000e+01   1.5870000e+01   1.4380000e+01   1.3770000e+01   1.3460000e+01
   1.2380000e+02   9.9000000e+01   9.9000000e+01   9.9000000e+01   1.5040000e+01   9.9000000e+01
   1.2680000e+02   9.9000000e+01   1.7770000e+01   1.6250000e+01   1.5270000e+01   9.9000000e+01
   1.3370000e+02   9.9000000e+01   1.7990000e+01   1.6370000e+01   1.5400000e+01   1.4930000e+01
   1.3870000e+02   9.9000000e+01   1.7970000e+01   1.6420000e+01   1.5420000e+01   1.4930000e+01
   1.4370000e+02   9.9000000e+01   1.8060000e+01   1.6360000e+01   1.5410000e+01   1.4930000e+01
   1.4880000e+02   9.9000000e+01   1.8100000e+01   1.6490000e+01   1.5470000e+01   1.5010000e+01
   1.5680000e+02   9.9000000e+01   1.7980000e+01   1.6550000e+01   1.5610000e+01   1.5110000e+01
   3.0110000e+02   9.9000000e+01   9.9000000e+01   9.9000000e+01   1.6790000e+01   9.9000000e+01
   3.1610000e+02   9.9000000e+01   9.9000000e+01   9.9000000e+01   1.6820000e+01   1.6310000e+01
   3.2310000e+02   9.9000000e+01   9.9000000e+01   9.9000000e+01   1.6810000e+01   1.6370000e+01
   3.3010000e+02   9.9000000e+01   9.9000000e+01   9.9000000e+01   1.6850000e+01   1.6340000e+01
   3.3210000e+02   9.9000000e+01   1.8790000e+01   1.7840000e+01   1.6970000e+01   1.6390000e+01
   3.3810000e+02   9.9000000e+01   9.9000000e+01   9.9000000e+01   1.7050000e+01   1.6520000e+01
   3.5000000e+02   9.9000000e+01   9.9000000e+01   9.9000000e+01   1.7150000e+01   1.6630000e+01
