
chi_ln -37801.60484386255
chi_exp 0.0
{'Mzams': 16.32637224266218, 'Mzams_all_walkers': array([[16.29208301],
       [16.31528203],
       [16.39515768],
       [16.31464212],
       [16.35183887],
       [16.35045777],
       [16.3442196 ],
       [16.37596783],
       [16.33625876],
       [16.28472724],
       [16.30067755],
       [16.32003402],
       [16.33747235],
       [16.35019938],
       [16.32739381],
       [16.30943475],
       [16.29782176],
       [16.36617991],
       [16.35272232],
       [16.35290396],
       [16.28569449],
       [16.32553229],
       [16.30774949],
       [16.34773679],
       [16.349666  ],
       [16.30709353],
       [16.27798452],
       [16.3740877 ],
       [16.27952849],
       [16.29260241],
       [16.37597407],
       [16.17221113],
       [16.34485733],
       [16.25442581],
       [16.31001737],
       [16.33035067],
       [16.33787577],
       [16.39638177],
       [16.31450289],
       [16.34013061],
       [16.35152774],
       [16.3532946 ],
       [16.24048843],
       [16.25257217],
       [16.33864407],
       [16.37420347],
       [16.3627321 ],
       [16.36881917],
       [16.34580016],
       [16.33065236]]), 'Mzams_lower': 0.03531139147437656, 'Mzams_upper': 0.03691150350813999, 'Ni': 0.12998443634061746, 'Ni_all_walkers': array([[0.12998968],
       [0.12999511],
       [0.12999435],
       [0.12998923],
       [0.12998795],
       [0.1299631 ],
       [0.12996432],
       [0.12998044],
       [0.12997622],
       [0.12999473],
       [0.12995408],
       [0.12998466],
       [0.12997633],
       [0.12998622],
       [0.12999113],
       [0.12998561],
       [0.12999972],
       [0.12999321],
       [0.12999117],
       [0.12999715],
       [0.12996573],
       [0.12997319],
       [0.12998796],
       [0.12999675],
       [0.12993532],
       [0.12998963],
       [0.12996011],
       [0.12997991],
       [0.12995665],
       [0.12998323],
       [0.12999939],
       [0.12999712],
       [0.12999199],
       [0.12998242],
       [0.12998465],
       [0.12997437],
       [0.12999627],
       [0.12999037],
       [0.12999938],
       [0.12997348],
       [0.12999759],
       [0.12998253],
       [0.12999635],
       [0.12999837],
       [0.12999676],
       [0.12997027],
       [0.12998503],
       [0.12999026],
       [0.12999245],
       [0.12999988]]), 'Ni_lower': 1.1716090028868198e-05, 'Ni_upper': 1.237943361503957e-05, 'E': 1.7990073288654267, 'E_all_walkers': array([[1.88105687],
       [2.19996923],
       [1.67820068],
       [1.94429916],
       [1.85809054],
       [1.83660127],
       [2.02975412],
       [1.88137741],
       [1.80963601],
       [1.79070813],
       [1.61860074],
       [1.8074414 ],
       [2.09079193],
       [1.48357098],
       [1.76048621],
       [1.81299966],
       [1.65363029],
       [2.16588341],
       [1.89866747],
       [1.80434422],
       [1.25142283],
       [1.71418293],
       [2.01304167],
       [1.77563806],
       [1.99977006],
       [2.03181989],
       [2.01337406],
       [1.72540457],
       [2.0407022 ],
       [1.67534169],
       [1.08046539],
       [2.0260705 ],
       [1.86111274],
       [1.97152231],
       [1.52052848],
       [1.74208931],
       [1.45168472],
       [1.78497326],
       [1.61884951],
       [1.7786245 ],
       [1.92956342],
       [2.0147281 ],
       [1.61464994],
       [1.25076141],
       [1.77762423],
       [1.99504129],
       [1.75653168],
       [1.91533117],
       [2.12164654],
       [1.49176024]]), 'E_lower': 0.18103871282785744, 'E_upper': 0.21753555760342658, 'Mix': 3.0, 'Mix_all_walkers': array([[3.],
       [3.],
       [3.],
       [3.],
       [3.],
       [3.],
       [3.],
       [3.],
       [3.],
       [3.],
       [3.],
       [3.],
       [3.],
       [3.],
       [3.],
       [3.],
       [3.],
       [3.],
       [3.],
       [3.],
       [3.],
       [3.],
       [3.],
       [3.],
       [3.],
       [3.],
       [3.],
       [3.],
       [3.],
       [3.],
       [3.],
       [3.],
       [3.],
       [3.],
       [3.],
       [3.],
       [3.],
       [3.],
       [3.],
       [3.],
       [3.],
       [3.],
       [3.],
       [3.],
       [3.],
       [3.],
       [3.],
       [3.],
       [3.],
       [3.]]), 'Mix_lower': 0.0, 'Mix_upper': 0.0, 'R': 1707.6943536917554, 'R_all_walkers': array([[1712.0405137 ],
       [1702.16470976],
       [1709.63188044],
       [1709.96976761],
       [1710.05702278],
       [1704.31803848],
       [1707.24817394],
       [1707.82869257],
       [1706.86268152],
       [1709.82568503],
       [1707.69451848],
       [1709.51413654],
       [1706.38554743],
       [1706.83475102],
       [1710.58209544],
       [1708.25744642],
       [1707.90278126],
       [1704.75488898],
       [1706.92213092],
       [1705.16094573],
       [1707.35658108],
       [1706.81409997],
       [1709.05933351],
       [1710.94826034],
       [1706.82482485],
       [1704.87807134],
       [1702.9072118 ],
       [1705.24065809],
       [1707.81296002],
       [1708.98835831],
       [1710.40626719],
       [1704.56353446],
       [1704.31302799],
       [1709.66491861],
       [1705.21857483],
       [1707.06163628],
       [1711.86839573],
       [1708.14361774],
       [1710.12942417],
       [1709.16141072],
       [1705.84909655],
       [1709.85043516],
       [1705.82112872],
       [1713.18417584],
       [1707.39056374],
       [1706.2283349 ],
       [1706.58042465],
       [1706.27869936],
       [1707.66981484],
       [1710.54743575]]), 'R_lower': 2.4849995187139484, 'R_upper': 2.3742533100737546, 'K': 79.74550171804654, 'K_all_walkers': array([[79.35256945],
       [79.965934  ],
       [79.4323857 ],
       [79.42579551],
       [79.86444653],
       [79.86579039],
       [79.73751622],
       [79.80541615],
       [79.68734618],
       [79.81190623],
       [79.99265445],
       [79.74690095],
       [79.89393107],
       [79.65662948],
       [79.77735761],
       [79.66718146],
       [79.87740679],
       [79.65176796],
       [79.61498039],
       [79.91429513],
       [79.86603101],
       [79.94462685],
       [79.58633692],
       [79.60800317],
       [79.86854235],
       [79.93443076],
       [79.98295119],
       [79.82045694],
       [79.75987017],
       [79.67457215],
       [79.59984385],
       [79.92611725],
       [79.9575954 ],
       [79.90964298],
       [79.80546706],
       [79.96989281],
       [79.8320339 ],
       [79.88262153],
       [79.54715512],
       [79.6361967 ],
       [79.54693231],
       [79.99873508],
       [79.9626781 ],
       [79.24075307],
       [79.79751946],
       [79.96648544],
       [79.34378258],
       [79.75482843],
       [79.58221638],
       [79.22655529]]), 'K_lower': 0.16889514080438062, 'K_upper': 0.2012001042159426}
Mzams: 16.3 Ni: 0.13 E: 1.8 Mix: 3.0 R: 1707 K: 79
[16.0, 19.0] 16.32637224266218
16.0 19.0
[0.1, 0.13] 0.12998443634061746
0.1 0.13
[1.0, 1.4, 1.8, 2.2] 1.7990073288654267
1.4 1.8
[3.0, 3.0] 3.0
3.0 3.0
[500, 1000, 1500, 2000, 2500] 1707.6943536917554
1500 2000
[0.001, 20, 40, 60, 80] 79.74550171804654
60 80
{'Mzams': 16.32637224266218, 'Mzams_all_walkers': array([[16.29208301],
       [16.31528203],
       [16.39515768],
       [16.31464212],
       [16.35183887],
       [16.35045777],
       [16.3442196 ],
       [16.37596783],
       [16.33625876],
       [16.28472724],
       [16.30067755],
       [16.32003402],
       [16.33747235],
       [16.35019938],
       [16.32739381],
       [16.30943475],
       [16.29782176],
       [16.36617991],
       [16.35272232],
       [16.35290396],
       [16.28569449],
       [16.32553229],
       [16.30774949],
       [16.34773679],
       [16.349666  ],
       [16.30709353],
       [16.27798452],
       [16.3740877 ],
       [16.27952849],
       [16.29260241],
       [16.37597407],
       [16.17221113],
       [16.34485733],
       [16.25442581],
       [16.31001737],
       [16.33035067],
       [16.33787577],
       [16.39638177],
       [16.31450289],
       [16.34013061],
       [16.35152774],
       [16.3532946 ],
       [16.24048843],
       [16.25257217],
       [16.33864407],
       [16.37420347],
       [16.3627321 ],
       [16.36881917],
       [16.34580016],
       [16.33065236]]), 'Mzams_lower': 0.03531139147437656, 'Mzams_upper': 0.03691150350813999, 'Ni': 0.12998443634061746, 'Ni_all_walkers': array([[0.12998968],
       [0.12999511],
       [0.12999435],
       [0.12998923],
       [0.12998795],
       [0.1299631 ],
       [0.12996432],
       [0.12998044],
       [0.12997622],
       [0.12999473],
       [0.12995408],
       [0.12998466],
       [0.12997633],
       [0.12998622],
       [0.12999113],
       [0.12998561],
       [0.12999972],
       [0.12999321],
       [0.12999117],
       [0.12999715],
       [0.12996573],
       [0.12997319],
       [0.12998796],
       [0.12999675],
       [0.12993532],
       [0.12998963],
       [0.12996011],
       [0.12997991],
       [0.12995665],
       [0.12998323],
       [0.12999939],
       [0.12999712],
       [0.12999199],
       [0.12998242],
       [0.12998465],
       [0.12997437],
       [0.12999627],
       [0.12999037],
       [0.12999938],
       [0.12997348],
       [0.12999759],
       [0.12998253],
       [0.12999635],
       [0.12999837],
       [0.12999676],
       [0.12997027],
       [0.12998503],
       [0.12999026],
       [0.12999245],
       [0.12999988]]), 'Ni_lower': 1.1716090028868198e-05, 'Ni_upper': 1.237943361503957e-05, 'E': 1.7990073288654267, 'E_all_walkers': array([[1.88105687],
       [2.19996923],
       [1.67820068],
       [1.94429916],
       [1.85809054],
       [1.83660127],
       [2.02975412],
       [1.88137741],
       [1.80963601],
       [1.79070813],
       [1.61860074],
       [1.8074414 ],
       [2.09079193],
       [1.48357098],
       [1.76048621],
       [1.81299966],
       [1.65363029],
       [2.16588341],
       [1.89866747],
       [1.80434422],
       [1.25142283],
       [1.71418293],
       [2.01304167],
       [1.77563806],
       [1.99977006],
       [2.03181989],
       [2.01337406],
       [1.72540457],
       [2.0407022 ],
       [1.67534169],
       [1.08046539],
       [2.0260705 ],
       [1.86111274],
       [1.97152231],
       [1.52052848],
       [1.74208931],
       [1.45168472],
       [1.78497326],
       [1.61884951],
       [1.7786245 ],
       [1.92956342],
       [2.0147281 ],
       [1.61464994],
       [1.25076141],
       [1.77762423],
       [1.99504129],
       [1.75653168],
       [1.91533117],
       [2.12164654],
       [1.49176024]]), 'E_lower': 0.18103871282785744, 'E_upper': 0.21753555760342658, 'Mix': 3.0, 'Mix_all_walkers': array([[3.],
       [3.],
       [3.],
       [3.],
       [3.],
       [3.],
       [3.],
       [3.],
       [3.],
       [3.],
       [3.],
       [3.],
       [3.],
       [3.],
       [3.],
       [3.],
       [3.],
       [3.],
       [3.],
       [3.],
       [3.],
       [3.],
       [3.],
       [3.],
       [3.],
       [3.],
       [3.],
       [3.],
       [3.],
       [3.],
       [3.],
       [3.],
       [3.],
       [3.],
       [3.],
       [3.],
       [3.],
       [3.],
       [3.],
       [3.],
       [3.],
       [3.],
       [3.],
       [3.],
       [3.],
       [3.],
       [3.],
       [3.],
       [3.],
       [3.]]), 'Mix_lower': 0.0, 'Mix_upper': 0.0, 'R': 1707.6943536917554, 'R_all_walkers': array([[1712.0405137 ],
       [1702.16470976],
       [1709.63188044],
       [1709.96976761],
       [1710.05702278],
       [1704.31803848],
       [1707.24817394],
       [1707.82869257],
       [1706.86268152],
       [1709.82568503],
       [1707.69451848],
       [1709.51413654],
       [1706.38554743],
       [1706.83475102],
       [1710.58209544],
       [1708.25744642],
       [1707.90278126],
       [1704.75488898],
       [1706.92213092],
       [1705.16094573],
       [1707.35658108],
       [1706.81409997],
       [1709.05933351],
       [1710.94826034],
       [1706.82482485],
       [1704.87807134],
       [1702.9072118 ],
       [1705.24065809],
       [1707.81296002],
       [1708.98835831],
       [1710.40626719],
       [1704.56353446],
       [1704.31302799],
       [1709.66491861],
       [1705.21857483],
       [1707.06163628],
       [1711.86839573],
       [1708.14361774],
       [1710.12942417],
       [1709.16141072],
       [1705.84909655],
       [1709.85043516],
       [1705.82112872],
       [1713.18417584],
       [1707.39056374],
       [1706.2283349 ],
       [1706.58042465],
       [1706.27869936],
       [1707.66981484],
       [1710.54743575]]), 'R_lower': 2.4849995187139484, 'R_upper': 2.3742533100737546, 'K': 79.74550171804654, 'K_all_walkers': array([[79.35256945],
       [79.965934  ],
       [79.4323857 ],
       [79.42579551],
       [79.86444653],
       [79.86579039],
       [79.73751622],
       [79.80541615],
       [79.68734618],
       [79.81190623],
       [79.99265445],
       [79.74690095],
       [79.89393107],
       [79.65662948],
       [79.77735761],
       [79.66718146],
       [79.87740679],
       [79.65176796],
       [79.61498039],
       [79.91429513],
       [79.86603101],
       [79.94462685],
       [79.58633692],
       [79.60800317],
       [79.86854235],
       [79.93443076],
       [79.98295119],
       [79.82045694],
       [79.75987017],
       [79.67457215],
       [79.59984385],
       [79.92611725],
       [79.9575954 ],
       [79.90964298],
       [79.80546706],
       [79.96989281],
       [79.8320339 ],
       [79.88262153],
       [79.54715512],
       [79.6361967 ],
       [79.54693231],
       [79.99873508],
       [79.9626781 ],
       [79.24075307],
       [79.79751946],
       [79.96648544],
       [79.34378258],
       [79.75482843],
       [79.58221638],
       [79.22655529]]), 'K_lower': 0.16889514080438062, 'K_upper': 0.2012001042159426}